10 1
6 4 34
5 3 37
3 2 52
9 5 63
8 3 102
6 3 112
6 4 131
3 1 187
6 2 204
5 2 206
0 2 264
0 3 348
0 9 354
0 1 366
8 7 368
4 1 386
8 4 401
0 3 416
3 2 476
5 2 501
4 1 552
0 9 660
0 5 722
0 5 728
9 3 758
0 2 763
0 8 795
4 1 824
0 8 855
9 5 907
9 8 923
0 5 970
3 2 995
0 2 1007
6 3 1056
6 2 1110
0 8 1198
0 7 1229
0 8 1235
5 4 1291
0 4 1392
0 9 1435
4 2 1443
5 4 1474
6 3 1497
7 5 1520
9 1 1530
0 8 1614
0 7 1626
5 2 1635
0 7 1664
7 4 1666
6 5 1676
7 1 1694
0 1 1733
5 2 1743
0 7 1753
4 2 1763
0 1 1798
2 1 1834
2 1 1855
0 1 1968
7 1 1976
0 3 2030
7 2 2085
6 3 2125
0 3 2126
0 4 2167
6 3 2176
0 1 2186
0 4 2197
0 8 2219
6 5 2241
0 7 2252
0 5 2312
7 3 2318
3 1 2338
5 3 2357
5 1 2369
7 6 2389
6 1 2404
7 3 2406
0 9 2430
0 4 2442
9 7 2471
2 1 2516
7 6 2574
9 1 2597
0 8 2773
0 3 2831
9 1 2897
3 1 2957
3 2 2992
0 3 3052
0 9 3058
0 4 3092
7 4 3124
0 2 3147
0 1 3195
0 1 3230
0 8 3269
9 4 3292
0 7 3318
5 1 3319
0 6 3378
0 4 3407
8 3 3420
0 9 3425
0 3 3447
0 3 3462
4 3 3479
0 9 3503
6 2 3527
0 3 3534
0 2 3563
0 2 3570
8 4 3604
0 9 3646
6 5 3671
0 7 3751
0 8 3783
6 1 3798
7 2 3871
0 8 3878
0 2 3882
4 1 3927
5 3 4001
9 7 4032
5 3 4063
0 8 4097
0 9 4142
8 2 4171
0 6 4177
6 3 4180
0 8 4185
0 7 4218
2 1 4407
9 6 4408
5 3 4423
0 3 4433
0 8 4463
4 3 4485
0 2 4499
7 2 4516
8 4 4545
0 4 4573
6 1 4581
0 3 4592
5 3 4604
0 3 4629
5 1 4635
4 1 4676
0 7 4690
9 6 4732
5 4 4743
0 1 4761
0 8 4851
4 3 4886
4 1 4895
0 9 4949
0 2 4989
0 7 5020
4 2 5079
0 6 5086
9 3 5104
0 1 5183
7 5 5240
4 2 5250
6 2 5255
0 3 5287
0 1 5290
0 4 5322
0 2 5387
0 6 5433
0 7 5441
0 3 5443
0 2 5448
0 3 5497
0 8 5528
5 4 5547
0 6 5586
2 1 5593
2 1 5620
9 2 5650
0 1 5656
6 1 5671
0 4 5718
0 4 5753
5 1 5768
0 4 5828
0 6 5839
3 2 5886
9 5 5903
9 2 5909
0 1 5916
0 1 5922
0 2 5936
0 5 5937
9 3 5946
4 1 5978
0 7 6012
0 9 6017
7 6 6044
9 3 6046
8 4 6047
0 8 6110
0 4 6128
0 9 6164
0 9 6228
0 3 6287
5 4 6349
0 7 6351
0 8 6352
0 5 6391
0 1 6421
0 6 6447
0 5 6448
6 3 6452
0 3 6458
0 4 6485
6 5 6508
0 1 6520
0 2 6548
0 7 6601
3 2 6667
2 1 6674
2 1 6687
7 1 6702
0 5 6725
0 9 6751
8 2 6791
0 7 6812
8 4 6833
0 7 6867
0 1 6869
0 4 6894
2 1 6953
2 1 6971
7 6 7004
5 4 7021
8 7 7066
0 8 7069
6 4 7082
0 2 7137
0 3 7185
0 4 7187
0 5 7196
0 1 7269
0 3 7311
0 3 7325
4 2 7342
0 8 7343
3 1 7359
0 4 7406
0 6 7427
0 1 7449
6 5 7463
0 7 7494
7 5 7499
9 1 7594
0 8 7627
0 5 7687
0 8 7721
0 1 7726
8 4 7736
2 1 7768
4 1 7781
2 1 7805
0 7 7810
0 1 7816
2 1 7819
0 4 7831
7 2 7836
0 2 7868
0 9 7926
0 8 7945
6 4 7988
0 5 8038
2 1 8071
0 8 8104
0 1 8107
7 3 8121
6 5 8143
9 5 8174
0 4 8294
0 2 8296
0 9 8328
0 9 8332
8 3 8478
0 2 8497
6 1 8509
0 1 8511
0 9 8514
0 7 8583
0 8 8608
4 3 8644
0 6 8657
6 4 8680
0 2 8691
0 3 8702
5 3 8719
0 4 8731
0 8 8790
7 6 8806
9 4 8816
3 1 8829
0 4 8831
8 1 8870
8 6 8895
7 5 8932
0 6 8943
8 5 8950
9 1 8961
0 6 9013
0 4 9059
0 2 9107
0 4 9124
3 2 9129
0 4 9149
3 2 9174
0 1 9189
0 1 9283
7 2 9364
7 6 9374
0 2 9441
0 8 9474
0 1 9504
8 2 9553
0 6 9598
9 3 9615
0 6 9618
0 7 9621
0 3 9674
4 1 9695
8 2 9697
0 8 9765
0 9 9826
0 6 9844
8 6 9858
0 8 9955
7 6 9968
7 3 9981
3 1 10015
9 2 10096
0 9 10109
3 2 10112
7 1 10117
0 8 10134
0 2 10250
0 2 10258
0 6 10263
0 8 10299
0 2 10331
0 6 10348
3 2 10358
0 4 10384
0 9 10396
2 1 10404
0 7 10455
2 1 10465
0 9 10472
0 5 10503
6 3 10653
0 3 10672
2 1 10682
0 1 10722
7 2 10731
0 8 10744
9 6 10756
0 3 10758
0 7 10787
0 1 10810
0 1 10822
7 2 10858
4 3 10875
9 3 10920
0 6 10927
7 4 10936
0 8 10949
0 5 10961
0 4 10970
0 5 10976
0 2 11046
0 6 11083
0 6 11182
0 1 11192
0 4 11193
7 2 11194
6 1 11197
0 6 11245
0 3 11261
9 4 11266
3 1 11293
0 8 11306
0 6 11312
0 2 11315
0 4 11334
0 9 11368
2 1 11376
2 1 11381
0 6 11434
2 1 11436
0 8 11467
0 3 11484
4 1 11485
0 5 11493
0 1 11530
0 9 11564
0 3 11582
0 1 11592
3 2 11613
3 2 11620
3 1 11632
9 1 11766
0 6 11797
9 7 11830
9 6 11873
0 9 11938
3 1 11973
2 1 12032
4 1 12059
0 3 12074
7 5 12080
8 3 12113
0 7 12119
8 1 12133
0 6 12141
7 6 12155
0 8 12157
5 1 12189
7 2 12199
0 9 12221
6 2 12275
9 6 12330
0 2 12335
9 8 12375
7 1 12381
5 2 12390
0 4 12402
4 3 12407
4 1 12457
3 2 12475
0 9 12501
0 2 12503
0 4 12524
6 4 12619
0 8 12623
8 3 12637
0 9 12674
0 8 12714
3 2 12748
9 4 12861
5 2 12906
0 5 12995
0 9 13012
8 6 13015
0 2 13038
0 3 13086
8 5 13087
0 6 13107
4 2 13144
0 7 13152
0 5 13169
0 2 13188
0 3 13230
7 6 13241
0 3 13255
0 5 13261
3 1 13263
6 3 13265
0 4 13267
0 7 13287
0 2 13339
9 4 13342
9 8 13386
0 6 13407
0 9 13423
0 2 13440
0 6 13445
8 7 13451
9 2 13462
3 1 13471
0 9 13477
0 4 13484
0 1 13489
0 8 13496
9 8 13508
0 7 13514
7 4 13527
7 3 13535
0 1 13549
0 8 13557
0 4 13568
0 6 13592
9 5 13673
9 8 13698
0 1 13703
0 9 13716
0 8 13734
8 6 13767
0 3 13808
0 9 13942
8 4 13995
5 2 14005
0 7 14030
0 1 14046
9 4 14081
0 1 14127
9 1 14128
0 6 14137
0 5 14176
6 2 14206
0 9 14223
0 4 14242
4 2 14284
7 6 14337
6 3 14400
6 2 14405
0 5 14427
3 1 14432
0 4 14444
9 2 14480
0 8 14559
0 4 14561
7 6 14607
0 7 14686
5 2 14730
9 3 14744
9 1 14810
0 5 14820
4 3 14822
6 1 14913
8 5 14920
0 3 14929
0 5 14968
0 7 14975
0 2 15016
0 3 15046
3 2 15178
0 1 15206
0 5 15247
6 5 15256
7 3 15263
0 1 15274
0 6 15282
7 3 15290
7 5 15301
0 2 15329
0 2 15429
0 2 15447
0 4 15450
0 7 15461
0 2 15546
5 3 15557
0 4 15589
8 3 15611
0 3 15612
0 5 15614
9 7 15619
0 7 15620
0 9 15629
4 3 15633
5 1 15642
0 5 15666
4 3 15676
0 3 15728
0 5 15766
5 4 15834
7 5 15868
3 1 15870
9 5 15888
0 8 15906
2 1 15946
0 3 15956
4 1 15957
0 1 15958
5 2 15960
4 3 15972
0 5 16006
9 3 16055
9 2 16133
0 5 16154
4 2 16180
0 8 16184
0 4 16233
0 9 16286
0 3 16329
0 2 16387
7 5 16398
0 9 16402
0 4 16438
8 1 16440
6 2 16451
0 8 16466
5 4 16487
7 5 16499
0 9 16503
6 5 16507
2 1 16535
8 1 16559
0 5 16566
0 6 16615
7 6 16650
0 2 16657
0 8 16691
8 4 16897
7 4 16906
0 7 16910
7 4 16971
0 2 16988
0 2 17038
2 1 17039
0 9 17052
0 6 17095
2 1 17106
5 3 17117
6 5 17143
0 4 17198
3 2 17200
0 2 17202
9 4 17205
0 1 17255
0 5 17292
0 5 17293
0 9 17307
3 2 17308
0 4 17397
5 4 17442
9 8 17445
7 6 17472
0 1 17479
5 3 17485
9 6 17544
0 8 17564
0 3 17636
7 1 17670
0 9 17736
0 5 17773
0 8 17795
0 7 17846
0 2 17881
7 3 17903
2 1 17904
8 6 17922
8 2 17977
7 2 18007
0 1 18017
0 3 18028
0 6 18046
0 4 18052
0 2 18100
0 6 18164
0 9 18170
9 7 18192
4 3 18213
0 3 18215
0 2 18250
8 2 18330
4 3 18411
6 3 18441
0 7 18499
0 6 18512
4 2 18520
0 6 18545
2 1 18546
0 6 18547
0 6 18550
6 5 18582
0 5 18587
0 8 18611
0 2 18622
0 8 18627
0 2 18679
6 3 18752
0 3 18783
0 4 18826
8 6 18835
0 7 18848
6 2 18883
6 5 18891
0 6 18904
5 4 18907
0 2 18968
0 8 18969
5 2 19005
8 4 19021
9 5 19038
4 3 19059
3 1 19116
0 7 19136
2 1 19137
7 4 19161
8 3 19168
0 8 19218
0 7 19283
0 4 19290
7 3 19335
0 5 19414
0 6 19466
0 7 19479
0 4 19509
0 4 19539
6 1 19594
0 1 19615
0 2 19617
8 4 19711
0 7 19732
0 1 19763
7 6 19770
0 3 19771
0 8 19798
6 5 19826
0 1 19830
2 1 19844
0 4 19855
0 2 19922
0 7 19926
0 5 19950
0 3 20084
6 3 20087
0 2 20122
0 3 20187
9 8 20212
0 1 20213
0 7 20270
9 6 20358
0 9 20382
0 5 20412
5 2 20430
0 8 20432
0 4 20559
5 4 20567
4 3 20596
0 3 20600
0 1 20615
0 5 20623
0 7 20675
2 1 20717
0 5 20793
0 3 20814
7 6 20832
0 7 20866
0 4 20874
2 1 20895
3 2 20926
6 3 20950
0 6 20951
6 4 20967
0 3 20977
0 2 21000
3 1 21001
9 3 21013
0 7 21025
0 8 21049
0 3 21111
0 4 21121
3 2 21128
0 7 21133
0 7 21170
0 1 21187
9 6 21191
0 1 21201
0 9 21263
0 2 21274
4 3 21304
4 3 21372
0 6 21389
0 9 21411
5 3 21427
0 7 21433
3 2 21472
5 2 21508
7 4 21550
0 5 21561
5 2 21623
0 2 21627
0 4 21678
2 1 21697
0 6 21698
4 2 21716
0 1 21812
9 3 21829
0 6 21847
0 2 21856
2 1 21905
0 3 21919
0 7 21940
0 5 21962
0 9 21977
4 2 21994
4 1 22065
6 1 22087
0 1 22113
5 1 22118
3 2 22146
0 3 22151
3 1 22238
3 1 22288
0 8 22353
0 6 22391
9 6 22401
0 3 22402
0 7 22441
9 2 22483
0 1 22491
0 3 22500
0 3 22509
0 1 22512
6 5 22518
3 2 22525
4 1 22544
8 6 22557
0 6 22571
6 5 22585
0 3 22666
0 4 22675
0 2 22750
0 5 22783
8 3 22828
7 4 22840
0 5 22841
0 2 22887
8 1 22901
0 7 22963
3 1 22981
9 7 22983
6 2 22995
6 3 23023
2 1 23028
3 2 23069
0 2 23148
0 6 23192
9 5 23195
7 4 23229
0 7 23314
5 1 23368
0 7 23394
9 2 23410
9 8 23440
0 6 23448
6 5 23462
7 6 23467
7 1 23486
0 5 23495
8 2 23522
3 1 23544
0 3 23549
0 3 23754
7 6 23773
0 2 23819
0 7 23837
6 4 23852
0 4 23871
7 5 23902
0 5 23909
0 4 23915
5 3 23949
0 8 23963
5 1 23972
0 4 24061
0 7 24113
6 1 24116
8 5 24133
0 3 24181
4 1 24195
0 7 24196
0 8 24199
0 8 24241
0 5 24253
0 7 24268
2 1 24285
0 8 24297
0 5 24298
4 3 24305
0 3 24408
5 4 24424
7 3 24440
0 7 24449
7 3 24555
0 4 24586
6 4 24629
0 1 24633
3 2 24667
7 6 24688
0 1 24694
0 2 24695
0 3 24715
4 2 24717
0 5 24787
0 6 24801
9 7 24834
0 4 24852
4 2 24854
6 4 24865
9 4 24880
3 2 24894
0 7 24908
0 4 24923
0 6 24937
7 3 24984
0 7 25001
0 2 25002
0 1 25016
6 3 25139
6 4 25227
0 7 25255
0 4 25257
0 7 25260
0 5 25309
0 5 25363
3 1 25367
9 8 25380
0 2 25506
0 2 25522
7 6 25525
0 4 25530
0 8 25569
5 3 25585
4 2 25597
0 9 25627
0 6 25709
0 5 25751
7 1 25752
0 8 25795
7 3 25807
8 4 25809
3 2 25832
0 4 25881
4 3 25891
4 3 25997
8 4 26024
0 6 26032
0 2 26096
7 6 26118
0 7 26249
6 1 26251
8 2 26265
0 4 26339
0 7 26350
4 1 26379
0 7 26402
0 8 26405
0 9 26446
0 9 26449
0 5 26511
5 3 26517
0 1 26534
0 9 26552
0 9 26554
0 6 26563
4 2 26568
9 7 26621
0 1 26636
7 1 26678
5 1 26719
7 1 26736
8 3 26775
0 5 26776
0 1 26818
0 9 26852
4 2 26866
0 6 26911
9 7 26949
0 7 26976
6 1 26991
4 2 27012
8 2 27057
0 3 27109
0 6 27113
3 1 27124
0 6 27139
3 2 27158
4 1 27194
0 9 27227
0 7 27229
4 1 27232
0 3 27242
0 5 27249
0 4 27259
0 2 27262
6 1 27263
0 7 27274
0 5 27281
3 1 27313
0 8 27391
5 1 27406
0 5 27421
0 8 27428
7 4 27444
0 1 27449
8 1 27581
0 3 27608
4 3 27614
0 9 27642
0 4 27658
0 4 27675
0 7 27685
0 4 27699
8 5 27743
0 8 27767
0 3 27778
3 1 27788
0 8 27822
7 5 27833
0 2 27852
8 2 27857
6 4 28010
5 2 28016
0 7 28022
4 2 28063
0 7 28115
0 5 28128
0 5 28132
0 6 28143
8 2 28150
7 1 28166
6 3 28188
7 4 28195
0 1 28208
7 2 28210
9 8 28221
0 2 28263
8 4 28276
9 2 28299
7 1 28319
5 3 28325
6 4 28336
0 1 28404
5 3 28414
5 3 28513
0 9 28530
7 4 28540
8 7 28571
0 9 28648
0 9 28689
0 9 28745
2 1 28769
8 4 28776
0 3 28785
0 8 28802
0 7 28886
8 3 28902
0 2 28941
0 5 28960
8 2 28966
0 5 28992
0 5 29013
7 2 29021
0 5 29043
0 1 29074
0 3 29078
8 4 29194
0 8 29225
9 7 29255
0 4 29285
9 3 29349
0 1 29412
7 6 29415
0 5 29497
9 8 29507
5 4 29514
2 1 29520
0 7 29552
5 2 29558
8 4 29583
0 9 29596
8 1 29639
0 9 29661
0 4 29678
0 1 29687
0 9 29714
2 1 29718
8 6 29723
0 5 29859
5 1 29876
0 6 29914
8 6 29927
6 2 29939
8 3 29952
7 2 29960
0 4 30003
0 5 30067
0 7 30074
0 6 30193
3 1 30237
0 2 30251
0 4 30266
0 7 30275
4 1 30324
0 5 30332
0 1 30343
7 4 30366
6 3 30377
2 1 30397
0 7 30399
0 7 30408
0 7 30438
0 4 30457
3 2 30482
4 1 30508
8 6 30513
8 7 30533
0 6 30562
0 3 30652
0 2 30668
0 7 30710
0 7 30746
5 2 30776
0 4 30792
0 9 30796
0 8 30809
5 1 30840
0 9 30841
2 1 30864
8 6 30937
6 2 30983
0 7 30999
0 3 31038
0 7 31253
8 1 31298
0 1 31306
0 2 31316
5 1 31435
0 4 31461
4 3 31537
0 6 31541
0 1 31570
0 3 31607
4 3 31623
0 1 31625
0 8 31695
8 2 31717
8 2 31766
0 9 31803
3 1 31805
2 1 31807
0 8 31821
0 7 31867
4 2 31902
0 8 31941
9 4 31951
0 7 31958
0 9 31967
9 5 31996
8 3 32001
4 1 32012
0 6 32021
0 5 32027
0 2 32054
0 3 32093
0 4 32112
3 1 32122
5 3 32208
0 6 32237
0 9 32251
0 2 32281
4 2 32287
0 5 32367
6 4 32431
0 7 32442
8 2 32458
0 3 32471
0 6 32506
4 2 32558
7 4 32579
6 4 32663
4 2 32687
0 2 32773
6 5 32826
9 1 32951
9 5 32954
0 6 32980
8 4 33042
0 2 33067
0 8 33068
0 2 33117
7 4 33127
0 9 33136
0 8 33164
0 5 33200
0 7 33209
0 4 33244
5 3 33255
7 3 33262
0 1 33287
0 7 33333
0 5 33335
0 2 33412
0 9 33453
0 7 33470
5 2 33472
0 7 33479
8 1 33521
0 2 33528
6 4 33568
7 2 33647
5 3 33656
5 2 33678
0 4 33715
0 1 33783
0 7 33789
0 2 33831
0 1 33843
0 9 33865
0 9 33916
3 2 33974
0 4 34014
4 1 34017
7 2 34041
6 1 34042
4 3 34070
6 5 34097
0 5 34103
0 2 34110
6 1 34131
2 1 34141
0 7 34160
0 9 34186
5 4 34196
4 2 34274
0 9 34334
0 4 34338
7 2 34350
0 4 34393
0 1 34411
0 4 34416
4 1 34418
0 6 34424
0 1 34462
0 6 34525
3 1 34601
0 8 34617
6 4 34628
0 1 34659
7 1 34680
0 3 34747
7 3 34799
0 3 34881
0 6 34901
0 4 34914
7 3 34956
0 7 34985
5 2 35029
4 2 35040
0 2 35054
6 5 35080
0 9 35103
0 7 35166
0 2 35172
3 1 35175
0 8 35203
5 1 35275
0 4 35279
9 3 35337
2 1 35399
0 9 35447
0 4 35467
0 7 35490
5 1 35513
4 2 35545
0 6 35574
0 2 35584
0 1 35590
0 2 35636
9 6 35677
0 3 35681
0 6 35690
5 3 35754
0 2 35766
0 5 35776
8 1 35798
0 7 35801
4 3 35833
3 1 35866
0 6 35876
0 8 35941
2 1 35982
8 3 36003
7 1 36014
0 4 36019
3 1 36049
0 8 36062
3 1 36114
8 3 36115
0 3 36161
0 1 36169
6 3 36177
9 1 36178
0 1 36179
0 2 36231
8 1 36232
0 9 36239
7 3 36254
2 1 36256
0 2 36277
8 6 36305
0 4 36307
0 4 36312
7 4 36325
0 5 36335
0 2 36397
0 3 36400
0 2 36528
9 7 36539
0 5 36554
4 1 36570
0 3 36578
5 1 36579
0 1 36595
0 7 36596
0 8 36625
6 4 36656
0 9 36660
0 4 36675
0 6 36697
0 7 36733
6 5 36738
6 3 36755
0 8 36771
0 3 36782
4 1 36811
4 1 36863
0 3 36867
8 3 36872
4 1 36939
8 6 36970
0 5 37051
0 1 37121
3 1 37158
2 1 37171
5 2 37205
0 1 37248
4 1 37289
0 6 37298
8 4 37331
0 2 37354
5 3 37356
2 1 37360
0 7 37457
0 9 37505
0 5 37558
0 8 37567
0 7 37615
0 9 37624
0 4 37681
8 1 37718
0 1 37741
0 1 37746
3 1 37767
0 8 37786
0 6 37893
0 6 37909
7 4 37942
0 5 37965
0 1 37974
4 2 37997
0 6 38022
0 9 38023
5 3 38113
0 9 38123
7 1 38148
0 4 38278
0 9 38300
0 2 38457
2 1 38461
2 1 38511
0 2 38536
0 2 38545
0 7 38627
4 3 38644
0 6 38646
0 5 38669
0 1 38766
0 9 38776
0 6 38869
8 3 38871
5 1 38938
0 4 38974
6 4 39028
0 5 39032
0 3 39044
0 2 39053
6 1 39090
0 6 39101
3 1 39104
8 1 39106
0 8 39327
3 2 39360
0 9 39373
0 9 39377
0 8 39388
0 9 39412
0 8 39422
9 3 39493
0 3 39504
5 1 39507
9 7 39544
0 2 39599
8 7 39630
7 1 39639
0 1 39673
0 6 39696
8 1 39720
3 2 39761
0 2 39806
7 4 39807
8 3 39827
0 5 39860
6 1 39865
9 3 39880
5 1 39908
0 5 39990
0 3 39994
8 3 39998
0 9 40002
0 1 40020
9 1 40045
0 2 40048
6 1 40068
3 2 40071
0 4 40079
8 3 40114
0 3 40205
6 4 40250
5 2 40268
0 1 40328
0 7 40337
0 7 40340
0 7 40350
0 2 40365
5 3 40381
9 2 40473
0 1 40495
0 7 40591
0 9 40644
0 7 40647
0 4 40671
8 5 40712
0 7 40716
5 3 40738
5 2 40742
0 2 40820
0 5 40859
0 4 40875
0 4 40907
0 4 40940
9 4 41081
7 1 41103
0 3 41125
0 9 41166
0 8 41178
5 2 41186
0 5 41200
0 1 41265
7 2 41273
6 3 41283
0 1 41363
0 5 41364
0 1 41379
7 5 41438
0 5 41440
4 3 41498
0 9 41499
0 8 41562
0 9 41619
0 3 41660
0 1 41692
2 1 41732
9 2 41761
0 6 41770
0 7 41776
4 3 41803
0 4 41811
6 2 41821
6 3 41874
0 3 41886
0 9 41899
0 9 41908
0 8 41916
0 2 41937
0 8 41941
0 9 41975
0 6 42022
0 3 42223
6 3 42227
0 6 42272
0 4 42311
8 3 42322
0 5 42355
0 9 42389
6 4 42423
4 1 42430
0 2 42447
4 1 42455
7 1 42467
0 1 42488
0 7 42513
0 3 42522
0 6 42524
9 1 42530
0 7 42550
0 2 42556
0 4 42645
0 6 42684
0 9 42725
0 7 42743
0 3 42745
0 4 42751
7 5 42759
0 1 42848
0 2 42856
0 3 42883
0 3 42895
0 3 42915
4 3 42967
0 2 42970
2 1 43006
0 6 43011
4 1 43021
8 5 43050
4 1 43074
9 2 43107
0 3 43122
5 3 43154
0 2 43157
0 8 43209
0 8 43212
6 1 43264
0 1 43278
6 1 43393
5 4 43428
3 1 43463
0 7 43534
0 1 43638
2 1 43645
9 4 43658
0 6 43726
0 2 43737
0 8 43760
6 2 43852
0 9 43857
0 7 43910
3 2 43981
0 3 44007
0 1 44056
2 1 44108
0 8 44132
8 6 44144
0 1 44155
0 1 44157
0 8 44167
0 1 44198
6 5 44214
4 3 44228
0 9 44246
3 1 44305
5 4 44375
0 4 44415
6 5 44453
0 4 44482
6 2 44552
0 2 44554
8 4 44557
0 4 44577
0 6 44585
0 5 44591
7 2 44611
7 2 44633
0 6 44636
4 3 44653
5 3 44717
0 2 44720
0 2 44745
0 9 44749
0 4 44769
0 7 44783
0 8 44820
0 9 44836
0 6 44884
3 1 44914
0 5 44918
0 5 44965
0 9 44969
7 1 44989
0 9 45032
0 1 45049
3 2 45117
5 2 45138
0 9 45184
0 6 45199
3 2 45207
0 4 45243
7 3 45255
2 1 45274
0 9 45292
7 6 45293
0 2 45319
6 2 45343
0 8 45358
0 9 45416
4 1 45427
0 9 45447
0 7 45506
0 7 45546
8 1 45547
4 3 45575
0 1 45593
0 8 45609
5 3 45646
6 1 45689
6 4 45732
8 2 45754
5 1 45765
0 5 45778
0 9 45817
0 4 45930
6 4 45932
0 9 45961
0 5 45993
0 6 46034
0 2 46073
0 4 46097
0 4 46102
0 3 46112
6 5 46127
0 5 46134
0 8 46171
0 6 46175
2 1 46177
4 1 46192
0 9 46197
0 2 46216
8 2 46233
0 7 46256
0 5 46284
4 1 46346
3 1 46450
0 4 46455
0 1 46465
9 6 46474
0 2 46512
0 6 46585
0 6 46618
9 8 46628
2 1 46643
5 2 46652
7 2 46661
0 3 46789
0 9 46795
0 7 46829
8 2 46842
8 7 46862
0 2 46925
0 2 46940
9 3 46949
0 7 47030
0 8 47048
0 8 47050
8 2 47057
0 6 47062
0 7 47079
0 2 47089
0 7 47134
0 9 47145
0 8 47155
7 1 47164
0 2 47177
2 1 47187
0 1 47194
0 1 47199
0 9 47200
0 9 47213
9 6 47215
0 9 47256
0 7 47283
0 3 47289
0 7 47313
0 7 47315
3 1 47320
7 1 47328
4 2 47352
4 2 47378
8 2 47448
0 7 47465
7 6 47495
0 6 47528
0 1 47578
0 2 47583
0 6 47602
6 3 47607
0 6 47615
7 4 47635
0 4 47636
3 1 47685
2 1 47767
6 3 47785
0 8 47788
5 2 47821
8 1 47847
4 1 47854
3 2 47923
3 1 47931
0 5 47934
0 5 47945
5 4 47976
0 7 48006
7 1 48050
5 1 48099
7 1 48116
5 1 48117
0 1 48127
6 4 48152
0 7 48231
0 1 48242
0 6 48254
0 5 48258
0 8 48343
2 1 48345
0 2 48351
7 6 48355
0 8 48384
6 1 48391
8 6 48393
8 7 48411
7 4 48427
0 5 48465
0 5 48494
4 1 48515
3 2 48559
0 9 48601
4 3 48619
0 7 48699
0 5 48743
0 8 48788
0 9 48796
0 8 48938
0 7 48944
0 2 49001
0 9 49056
3 2 49066
5 1 49080
6 1 49159
0 8 49177
0 3 49236
0 6 49262
0 1 49325
0 3 49372
7 6 49373
0 3 49374
0 6 49380
0 4 49403
7 1 49461
0 9 49493
0 5 49497
0 4 49498
0 6 49536
0 5 49592
0 4 49606
9 3 49634
9 8 49641
6 3 49677
0 7 49686
3 1 49693
6 4 49694
0 7 49743
0 9 49744
0 7 49745
5 2 49770
0 1 49815
6 2 49892
4 1 49941
0 3 49969
0 8 49985
0 3 50039
5 1 50045
0 7 50082
7 5 50101
0 9 50149
0 9 50184
0 9 50210
4 2 50247
8 7 50248
4 2 50287
0 2 50357
0 7 50366
8 6 50391
5 1 50410
0 6 50420
0 3 50441
8 4 50442
9 5 50450
0 7 50476
0 3 50478
0 6 50494
8 7 50537
9 4 50543
4 3 50551
0 7 50557
7 5 50571
4 1 50633
3 2 50661
8 2 50721
0 8 50728
0 3 50732
6 2 50767
6 3 50768
0 5 50791
0 5 50822
0 5 50837
0 9 50838
7 2 50852
0 5 50866
0 3 50925
7 5 51007
5 2 51124
4 3 51132
0 7 51141
3 2 51205
6 3 51271
9 7 51274
2 1 51366
2 1 51469
0 4 51503
9 7 51561
0 8 51602
0 9 51668
2 1 51730
5 1 51742
6 2 51750
0 6 51756
0 2 51800
0 4 51810
0 7 51816
3 1 51832
0 5 51877
0 9 51917
0 8 51936
0 6 51955
7 3 51969
2 1 51976
4 3 52041
9 6 52105
0 5 52106
0 8 52107
8 2 52109
0 8 52110
0 6 52114
6 1 52144
5 3 52175
0 3 52191
4 1 52196
0 7 52201
9 5 52247
9 3 52278
4 1 52299
0 4 52328
0 1 52353
5 2 52372
8 5 52417
0 4 52454
0 9 52470
0 7 52522
0 2 52567
0 1 52570
4 1 52675
9 2 52679
6 1 52700
0 1 52756
0 6 52860
4 2 52905
4 1 52927
0 3 52947
0 3 53058
3 2 53067
3 1 53070
8 1 53129
0 3 53176
0 6 53216
4 2 53232
0 1 53274
0 1 53311
5 4 53363
6 2 53369
0 4 53391
0 7 53396
2 1 53440
2 1 53460
0 9 53463
8 6 53508
3 1 53527
8 1 53533
6 3 53535
0 1 53617
0 8 53624
8 1 53684
5 1 53690
0 1 53711
0 9 53714
9 4 53734
7 4 53748
8 5 53764
0 5 53782
0 4 53846
9 2 53861
0 5 53868
4 3 53885
0 6 53947
0 7 54044
0 7 54090
0 6 54095
6 4 54101
9 3 54142
0 6 54145
0 6 54177
0 6 54191
0 6 54241
0 4 54299
6 5 54316
0 1 54322
0 6 54363
9 5 54410
0 9 54414
0 7 54416
9 2 54426
0 6 54481
0 4 54499
0 7 54500
6 4 54547
9 8 54563
0 3 54601
0 6 54635
0 4 54637
7 2 54731
0 9 54751
0 1 54762
0 6 54795
0 8 54850
5 3 54862
0 8 54864
0 1 54892
4 2 54899
0 8 54929
0 1 54932
0 9 54981
0 6 54989
0 8 55003
0 8 55021
0 8 55037
0 2 55055
0 7 55166
9 3 55168
0 1 55204
9 5 55239
0 5 55254
0 1 55263
7 3 55282
0 6 55292
0 7 55352
8 5 55357
0 5 55383
0 4 55404
0 6 55418
0 3 55468
8 4 55492
0 3 55493
0 5 55547
7 2 55556
6 3 55579
5 2 55610
0 8 55612
8 2 55662
4 2 55684
3 1 55687
0 1 55698
0 7 55816
0 8 55821
8 4 55857
0 3 55890
6 4 55916
8 4 55925
0 3 56030
0 2 56045
0 9 56100
5 1 56111
9 8 56117
0 5 56133
0 5 56151
0 1 56154
0 8 56159
3 2 56167
0 7 56222
0 6 56305
5 3 56378
0 2 56401
0 1 56437
0 1 56449
0 5 56456
0 5 56564
0 1 56572
5 4 56582
0 1 56621
0 1 56679
0 8 56714
2 1 56763
0 5 56767
0 4 56794
3 2 56804
0 2 56813
3 2 56823
2 1 56824
0 9 56825
0 9 56842
0 6 56867
0 5 56896
5 2 56945
3 2 56949
0 3 56996
6 4 57001
0 7 57054
6 3 57088
0 9 57093
0 7 57100
7 2 57104
0 3 57116
0 1 57122
8 5 57241
3 1 57331
0 4 57334
0 2 57349
0 9 57513
6 2 57516
3 2 57520
7 5 57581
2 1 57610
8 4 57644
0 5 57651
0 3 57721
7 5 57731
0 4 57744
0 5 57776
8 5 57799
7 2 57865
7 2 57885
3 1 57931
3 1 57946
0 8 57977
5 4 58059
8 4 58211
0 4 58239
0 3 58284
0 6 58302
3 2 58325
2 1 58331
8 2 58374
0 9 58379
5 2 58387
0 9 58393
0 9 58414
0 8 58469
4 1 58488
0 3 58496
6 1 58522
0 1 58531
0 8 58533
7 6 58558
6 4 58582
0 7 58592
0 1 58633
0 6 58694
0 6 58758
0 4 58761
0 5 58800
0 2 58846
5 4 58848
5 4 58860
0 9 58902
3 2 58966
0 8 58970
0 8 58980
8 5 58999
0 9 59034
0 4 59059
3 2 59073
0 2 59085
8 2 59087
0 4 59088
0 4 59137
8 4 59160
0 6 59261
5 4 59265
0 7 59275
0 6 59420
4 1 59456
0 8 59467
9 5 59484
0 2 59553
0 6 59587
0 1 59634
0 9 59635
9 4 59665
0 3 59677
7 6 59750
5 1 59808
3 2 59819
0 1 59836
0 8 59838
7 1 59842
8 7 59848
7 2 59864
0 1 59882
0 3 59894
0 7 59929
7 3 59940
0 8 59973
9 6 59974
5 2 60007
0 9 60025
4 2 60060
0 3 60088
9 4 60093
5 3 60166
7 4 60274
0 9 60287
0 4 60290
0 5 60296
0 6 60329
3 1 60333
0 6 60387
0 4 60403
0 4 60408
0 9 60441
0 8 60465
0 7 60486
0 1 60495
0 1 60588
8 5 60597
0 6 60606
0 9 60639
0 6 60665
0 1 60667
0 4 60674
0 5 60683
0 3 60691
4 2 60744
0 5 60763
0 8 60820
3 2 60821
0 2 60842
0 9 60873
0 5 60895
6 1 60905
0 9 60931
7 4 60932
2 1 60940
0 4 61018
0 9 61049
0 6 61052
0 2 61083
0 5 61111
7 6 61122
7 3 61132
0 4 61153
7 2 61227
0 7 61256
3 1 61275
3 1 61311
5 1 61332
0 6 61403
0 4 61432
0 6 61481
4 1 61488
0 6 61549
0 2 61584
0 8 61613
9 2 61683
0 2 61695
5 2 61697
4 2 61707
7 3 61725
0 9 61739
0 6 61750
0 5 61781
6 1 61808
9 3 61813
6 4 61824
0 2 61826
0 6 61830
0 4 61924
0 8 61935
6 2 61992
9 3 61997
0 9 62002
0 5 62038
0 8 62050
0 8 62114
0 2 62164
6 4 62184
0 9 62230
0 1 62243
0 2 62253
0 5 62259
0 6 62279
0 2 62289
8 2 62292
0 8 62312
0 7 62336
3 1 62472
0 5 62512
5 2 62612
6 5 62652
0 2 62697
6 3 62758
6 4 62767
0 4 62784
0 4 62814
8 1 62821
4 3 62832
0 9 62844
8 7 62846
0 5 62859
0 4 62879
3 1 62885
0 8 62891
7 6 62927
9 8 63003
0 5 63009
0 5 63014
0 4 63021
6 3 63058
5 1 63111
0 6 63135
0 6 63184
9 2 63214
0 5 63223
0 7 63227
0 1 63249
6 5 63274
0 1 63291
9 7 63310
7 4 63334
0 7 63345
0 1 63351
0 5 63394
3 1 63432
7 6 63482
0 6 63511
0 9 63534
0 7 63539
0 1 63542
0 7 63601
0 3 63604
3 1 63656
8 6 63691
6 2 63743
0 2 63747
8 2 63761
4 2 63769
7 1 63785
0 9 63798
0 6 63800
0 9 63811
0 4 63822
0 1 63832
0 3 63833
0 9 63875
0 9 63887
5 2 64026
0 9 64059
0 3 64091
0 1 64168
0 3 64176
0 2 64225
0 1 64264
0 2 64326
0 2 64356
0 2 64360
0 4 64385
3 2 64388
3 1 64389
8 3 64414
0 2 64431
0 1 64434
0 8 64478
0 2 64519
9 6 64544
8 2 64550
0 3 64566
0 5 64576
0 6 64582
0 5 64600
9 7 64608
0 5 64609
0 2 64634
0 4 64734
0 7 64790
0 3 64798
0 3 64816
8 6 64823
2 1 65011
4 2 65017
9 5 65023
0 1 65047
2 1 65050
6 5 65096
5 4 65116
0 1 65128
7 4 65141
0 1 65175
0 7 65191
0 8 65216
9 7 65217
9 4 65233
0 1 65274
7 3 65277
0 6 65283
0 9 65338
0 6 65352
0 7 65409
0 9 65436
0 8 65437
0 7 65454
4 3 65463
3 1 65496
0 6 65505
0 8 65537
8 4 65538
0 8 65553
7 6 65569
0 6 65584
3 2 65598
0 3 65633
7 6 65670
0 6 65671
2 1 65718
0 7 65725
0 5 65733
9 2 65735
0 4 65738
0 1 65768
9 4 65775
0 7 65789
2 1 65799
0 8 65815
0 3 65827
2 1 65829
0 4 65897
0 9 65928
0 4 66001
0 8 66015
7 1 66050
0 7 66083
0 9 66131
0 5 66167
0 9 66180
0 1 66212
0 2 66218
2 1 66226
0 7 66234
7 6 66240
0 2 66286
4 2 66287
0 1 66319
0 3 66363
0 2 66375
0 6 66401
0 7 66409
0 9 66412
9 2 66419
5 2 66468
0 4 66561
0 4 66569
9 1 66587
7 1 66607
4 1 66656
0 5 66682
3 1 66719
8 6 66721
0 6 66736
3 1 66779
6 5 66785
0 9 66793
8 4 66805
7 1 66816
0 8 66898
0 7 66908
6 3 66942
0 5 66943
0 5 66950
8 1 66973
0 3 66979
0 4 67028
8 6 67054
0 3 67086
6 3 67125
0 2 67139
0 4 67159
0 4 67188
0 8 67191
0 6 67201
0 2 67202
0 6 67205
4 1 67247
0 1 67287
5 2 67300
0 7 67339
0 6 67408
5 1 67467
6 1 67471
7 6 67496
0 4 67633
0 4 67652
0 2 67734
0 1 67749
0 6 67782
0 3 67790
0 7 67800
0 5 67858
0 2 67871
5 3 67954
0 5 68012
0 4 68044
0 1 68094
7 2 68111
0 8 68123
6 4 68141
0 8 68150
0 8 68220
0 7 68299
0 3 68300
7 3 68317
8 1 68329
8 6 68332
8 5 68346
0 8 68376
6 5 68447
0 7 68448
4 1 68546
0 3 68593
0 2 68594
6 4 68605
0 6 68620
9 4 68645
0 2 68665
2 1 68679
4 3 68691
0 5 68702
0 9 68818
0 9 68859
0 8 68897
6 1 68952
0 6 68953
0 4 68964
0 5 68965
4 2 68995
0 1 69000
0 4 69009
0 9 69035
3 2 69043
0 6 69050
9 2 69100
3 1 69116
0 3 69118
0 7 69149
0 2 69163
3 1 69167
5 1 69200
0 3 69228
0 2 69231
8 4 69276
0 7 69294
0 9 69311
0 8 69317
5 4 69350
8 5 69357
8 3 69363
0 7 69433
8 2 69449
0 3 69464
0 7 69470
4 2 69475
5 1 69508
3 2 69527
4 2 69540
0 8 69621
7 1 69704
5 4 69758
0 7 69813
0 2 69835
0 9 69855
4 1 69896
6 1 70010
0 6 70037
7 1 70049
6 4 70050
0 1 70055
4 3 70072
9 6 70073
0 4 70078
4 3 70099
7 6 70136
0 1 70177
6 5 70203
4 3 70220
0 3 70268
5 4 70379
0 2 70381
7 3 70406
7 4 70410
0 8 70434
7 6 70461
0 8 70484
2 1 70488
0 5 70496
6 3 70517
9 1 70547
7 5 70565
0 8 70646
0 4 70808
0 5 70823
8 4 70841
0 7 70860
0 7 70862
8 5 70893
9 5 70916
2 1 70950
0 2 70967
0 8 70990
0 7 71033
0 9 71034
2 1 71188
0 6 71219
5 1 71235
0 6 71242
0 1 71247
3 1 71339
0 8 71368
9 3 71369
0 4 71467
0 8 71469
0 3 71492
6 5 71535
0 4 71558
0 5 71579
0 1 71597
0 3 71650
4 1 71659
6 1 71661
0 2 71663
9 3 71747
8 7 71767
0 6 71769
2 1 71780
6 1 71786
0 4 71794
9 8 71831
0 1 71846
8 1 71858
0 4 71907
0 6 71925
0 4 71928
0 8 72028
5 3 72044
4 2 72052
0 9 72066
8 6 72165
0 1 72179
0 9 72194
0 4 72247
7 4 72282
0 5 72308
0 7 72380
0 5 72405
7 2 72407
8 7 72409
0 6 72417
4 3 72418
0 9 72419
0 7 72421
0 7 72460
0 4 72586
9 7 72589
0 2 72603
0 9 72605
0 9 72708
0 8 72731
4 3 72757
0 6 72786
0 9 72825
0 5 72849
0 8 72875
6 4 72918
8 4 72987
3 2 73024
0 8 73033
7 6 73052
7 1 73080
3 2 73128
0 5 73157
5 3 73169
0 7 73252
0 9 73268
0 5 73269
3 1 73285
3 2 73294
9 2 73329
8 7 73331
0 8 73351
0 9 73374
0 9 73443
0 2 73445
9 3 73460
9 4 73467
3 2 73471
2 1 73492
0 7 73504
0 2 73528
8 3 73588
0 2 73674
4 1 73688
0 4 73695
0 2 73743
0 9 73759
0 9 73820
0 5 73831
9 8 73834
8 6 73891
7 2 73905
7 3 73946
0 4 73976
8 7 73990
0 3 73995
0 5 74037
5 1 74105
0 4 74114
7 6 74152
0 3 74195
0 8 74252
3 1 74256
9 6 74260
0 4 74297
5 1 74324
0 5 74326
0 8 74338
0 1 74355
0 8 74407
5 1 74418
0 1 74508
0 3 74520
0 2 74643
0 7 74695
0 4 74723
0 3 74744
0 9 74751
0 2 74776
5 2 74834
0 8 74877
0 1 74889
0 5 74933
0 8 74947
3 1 74951
0 4 74977
9 1 74979
0 5 75007
0 6 75043
6 2 75139
8 6 75185
0 9 75210
3 1 75243
7 1 75254
0 2 75256
0 2 75267
0 9 75297
0 3 75335
0 8 75356
3 2 75358
0 2 75374
0 8 75449
0 1 75527
5 2 75609
0 1 75612
0 7 75673
0 3 75737
0 3 75778
0 1 75826
8 3 75854
0 6 75954
0 4 75964
0 3 75969
0 8 75989
4 1 76068
0 9 76136
0 7 76203
7 6 76220
0 1 76265
0 8 76338
5 4 76352
0 8 76353
0 9 76368
5 4 76372
9 7 76375
4 3 76380
0 5 76414
4 2 76427
9 3 76453
0 2 76475
0 4 76489
3 1 76507
0 2 76526
2 1 76533
0 3 76572
6 2 76642
0 2 76681
0 3 76696
5 4 76759
0 7 76782
3 1 76888
0 4 76923
4 1 76947
9 6 76964
0 7 77044
8 7 77068
6 4 77110
9 1 77118
0 1 77121
0 3 77151
5 3 77181
0 1 77182
6 4 77207
9 2 77228
8 7 77233
0 4 77272
0 5 77303
6 1 77312
7 4 77334
8 7 77348
9 5 77368
0 7 77392
0 1 77397
0 2 77401
0 6 77519
7 4 77542
6 1 77571
9 8 77650
0 8 77671
0 3 77678
8 5 77684
0 6 77728
7 6 77809
2 1 77836
0 3 77841
0 6 77865
9 3 77881
6 5 77889
0 9 77891
5 1 77897
9 3 77903
5 4 77932
0 8 77935
2 1 77957
9 4 78066
0 4 78105
7 1 78110
0 7 78118
0 1 78123
0 8 78214
9 2 78236
5 4 78260
5 3 78301
0 8 78306
0 9 78322
9 6 78344
6 5 78390
0 8 78443
0 7 78449
0 9 78472
5 1 78486
3 2 78498
0 9 78524
0 1 78546
0 5 78576
3 1 78589
0 8 78612
9 8 78631
0 9 78632
0 3 78634
4 1 78656
0 6 78661
4 1 78675
9 8 78678
0 4 78730
0 6 78745
7 2 78829
6 2 78848
0 2 78942
5 4 78967
0 9 78968
6 3 78984
9 4 79016
0 8 79018
0 7 79085
6 1 79118
0 5 79134
0 3 79257
0 8 79280
0 9 79316
0 7 79356
0 2 79397
9 1 79437
2 1 79447
4 2 79503
0 7 79504
4 2 79510
0 1 79548
0 3 79550
8 2 79553
8 4 79561
8 6 79582
0 3 79587
0 8 79596
2 1 79660
7 1 79664
0 5 79702
0 2 79746
0 8 79817
0 3 79874
0 5 79911
0 7 79923
0 8 79952
0 3 79965
0 8 79992
0 8 79996
7 5 79999
0 6 80068
0 2 80135
0 6 80149
0 6 80168
6 4 80208
8 7 80238
6 1 80299
0 9 80309
0 6 80346
0 1 80365
0 8 80380
8 4 80402
0 5 80450
0 6 80535
2 1 80565
6 3 80603
2 1 80612
5 4 80618
0 6 80635
2 1 80645
7 1 80648
9 5 80654
0 6 80672
0 8 80705
0 7 80722
5 4 80723
0 1 80724
8 2 80740
0 5 80796
0 1 80810
8 2 80814
9 6 80866
9 2 80990
6 2 80996
7 5 80997
0 6 81006
0 7 81014
0 7 81111
0 7 81164
3 2 81214
3 2 81215
5 2 81261
0 1 81293
2 1 81317
0 6 81390
0 7 81397
0 2 81433
0 7 81436
0 7 81446
0 2 81462
0 9 81505
0 8 81529
0 8 81536
0 5 81540
0 3 81560
0 6 81570
0 1 81586
0 6 81639
2 1 81649
0 7 81663
9 8 81702
8 5 81756
4 3 81838
0 2 81840
0 7 81843
0 7 81879
3 2 81883
0 5 81927
0 7 81928
2 1 81936
2 1 81978
0 6 81994
5 2 82124
0 5 82135
0 9 82188
0 2 82211
8 6 82250
0 3 82326
0 8 82329
0 7 82379
0 5 82394
8 5 82410
0 2 82414
0 5 82427
0 7 82432
0 2 82435
0 8 82474
3 2 82539
0 9 82599
8 7 82667
0 7 82690
0 1 82720
0 3 82770
6 2 82786
5 1 82938
9 7 82959
0 4 82964
7 4 83031
8 3 83129
8 7 83144
6 1 83167
3 2 83185
3 1 83200
9 4 83207
9 1 83235
5 4 83250
8 2 83283
6 1 83287
4 3 83316
6 5 83323
5 4 83342
2 1 83398
7 2 83431
3 2 83432
3 1 83463
3 2 83477
8 2 83574
9 8 83662
7 1 83841
8 7 83899
6 1 83907
5 2 83918
7 6 83934
8 5 83961
5 3 83976
9 5 83990
3 1 84036
9 5 84099
7 5 84114
9 4 84208
8 6 84235
8 7 84279
9 8 84293
6 2 84344
5 1 84386
2 1 84427
3 1 84433
5 2 84436
8 6 84512
9 3 84518
5 4 84561
2 1 84572
9 3 84606
6 5 84620
7 6 84722
2 1 84730
8 7 84748
4 2 84786
5 3 84799
5 1 84845
6 5 84930
5 1 84935
4 3 84948
4 1 85045
4 1 85051
2 1 85053
8 1 85068
3 2 85084
4 1 85128
3 2 85174
8 3 85277
9 1 85289
3 1 85290
8 4 85298
8 1 85339
7 5 85356
5 3 85382
5 4 85387
6 5 85388
9 7 85432
7 4 85452
2 1 85466
5 4 85493
6 5 85496
6 5 85568
9 4 85570
2 1 85617
7 1 85675
2 1 85733
3 2 85746
6 1 85806
6 5 85835
7 1 85839
6 4 85879
2 1 85901
4 1 85914
8 5 85952
7 6 85958
8 1 86066
3 2 86132
3 1 86188
6 2 86222
6 5 86248
9 6 86274
8 6 86275
6 1 86307
4 2 86309
5 2 86320
9 8 86324
3 2 86329
8 3 86377
3 2 86395
0 1 86399