10 1
6 4 96
6 2 208
0 6 302
0 2 372
3 2 449
0 5 951
3 2 1290
7 5 1373
0 6 1526
5 2 1594
0 2 1686
9 4 1792
0 5 1962
0 6 1989
0 1 2204
0 5 2282
3 1 2408
9 3 2500
4 3 2624
0 5 2626
0 9 2718
0 3 2869
0 5 3003
9 2 3249
7 5 3268
0 2 3376
5 4 3535
8 7 3545
5 2 3905
3 2 4104
7 3 4131
0 8 4241
0 5 4332
5 3 4336
0 1 4376
7 1 4592
7 1 4680
7 3 4701
6 3 5027
0 6 5087
0 2 5220
2 1 5266
7 5 5272
0 9 5437
0 4 5459
9 8 5662
0 1 5693
4 1 5730
0 5 5883
0 8 6007
0 3 6020
9 8 6071
0 1 6157
4 3 6303
0 7 6379
0 4 6424
5 4 6533
8 5 6593
0 9 6691
5 4 6898
4 1 7151
5 2 7240
0 2 7309
0 7 7545
0 1 7630
0 6 7665
0 2 8189
0 6 8316
6 2 8445
3 1 8703
0 6 8738
9 1 8753
0 5 8799
7 1 8826
6 3 8926
0 2 9016
8 5 9043
5 2 9056
0 1 9138
0 6 9615
7 2 9776
0 3 10032
0 8 10174
9 8 10212
0 2 10278
0 2 10398
0 8 10663
6 2 11019
8 4 11072
7 4 11251
4 3 11307
0 3 11342
7 1 11483
0 7 11543
0 3 11599
3 2 11842
7 6 11910
9 4 12070
0 8 12241
2 1 12285
0 8 12333
0 4 12543
0 6 12842
3 2 12920
0 6 12940
0 1 12974
0 1 13276
8 3 13596
4 1 13600
0 8 13613
3 2 14095
0 7 14215
0 2 14645
9 5 14658
6 3 14696
0 9 14710
6 3 14783
0 8 14784
9 1 14978
0 2 15123
0 8 15287
6 5 15555
0 6 15641
0 5 15769
3 1 16004
4 3 16081
0 8 16099
6 5 16229
4 2 16367
5 4 16408
6 4 16519
6 5 16523
0 3 16687
0 8 17121
0 5 17137
9 4 17187
2 1 17212
0 8 17260
0 3 17267
0 9 17281
0 4 17384
6 3 17486
0 5 17786
0 4 18081
9 1 18140
0 4 18570
0 8 18887
0 5 18889
0 1 19015
0 3 19143
0 1 19667
0 6 19860
8 3 20103
0 8 20159
0 7 20295
0 4 20342
9 5 20427
5 3 20471
7 1 20536
8 6 20625
7 6 20908
9 6 21018
0 2 21272
8 7 21395
0 4 21572
4 1 21595
9 4 21978
0 9 22213
3 1 22308
0 4 22311
0 7 22482
3 1 22767
6 4 23333
0 6 23422
4 2 23491
2 1 23683
0 3 23755
4 2 23833
6 5 24240
2 1 24756
0 7 24803
0 9 25059
6 3 25071
5 1 25166
0 3 25431
0 1 25654
9 2 25692
3 1 25730
6 3 25840
3 1 26059
0 7 26083
3 2 26109
0 3 26174
0 3 26237
2 1 26318
0 9 27118
3 2 27279
0 8 27506
2 1 27637
0 7 27740
0 5 27878
0 2 27974
2 1 27994
0 2 28221
7 6 28399
0 5 28403
0 1 28566
3 1 28624
0 6 28707
0 2 28756
0 6 28885
0 2 28908
0 2 29120
0 5 29157
0 5 29308
0 9 29549
0 6 29552
0 3 29811
8 6 29925
2 1 30068
3 2 30149
8 1 30161
0 5 30441
0 1 30481
7 4 30620
0 2 30704
0 4 30737
0 8 30852
7 4 30910
0 9 30942
3 1 31058
3 2 31140
8 3 31285
0 3 31341
7 2 31389
0 3 31497
0 4 31535
3 2 31585
0 6 31610
0 3 32000
8 7 32016
0 5 32104
0 4 32432
7 5 32586
3 2 32783
8 6 32950
0 3 33014
0 7 33051
0 2 33252
0 2 33276
9 3 33648
5 3 33679
0 4 33873
0 5 33992
0 3 34001
2 1 34663
0 1 34671
0 5 34856
3 1 35177
0 1 35378
7 2 35464
4 1 35595
0 3 35688
0 4 35766
5 4 35828
0 7 36665
0 2 36946
6 2 37069
0 1 37143
0 4 37434
0 7 37516
8 4 37644
0 8 37697
8 1 37724
0 9 37908
0 8 37978
2 1 38025
0 9 38033
0 6 38104
9 2 38234
6 4 38571
0 8 38595
0 7 38621
3 1 38627
9 3 38820
7 3 38822
0 1 38974
0 9 39038
8 6 39065
0 4 39501
0 5 39525
4 1 39637
0 4 39657
6 5 39673
0 6 39944
0 5 39953
5 4 39989
0 9 40105
0 6 40126
0 8 40314
0 1 40331
0 8 40378
0 5 40506
6 5 40541
0 9 40801
5 3 40826
7 2 40985
0 3 40987
0 9 41308
0 6 41498
0 8 41586
0 8 41606
5 1 41666
9 7 41679
3 1 41731
3 1 41789
0 7 42146
0 3 42265
0 6 42616
0 6 42619
6 3 42790
0 3 43029
0 8 43185
0 1 43201
0 4 43286
0 7 43554
9 4 43676
0 7 43679
0 2 43716
0 8 43806
2 1 43936
3 1 44090
9 1 44300
0 2 44342
0 4 44507
0 4 44553
0 8 44888
0 6 44927
6 2 44932
7 1 44949
6 1 45017
0 6 45066
0 7 45359
6 2 45423
8 2 45516
8 3 45681
9 4 45726
0 2 45735
0 7 45739
0 7 45970
2 1 45987
0 4 46039
0 9 46143
0 8 46597
8 6 46600
5 3 46664
0 7 46853
0 2 46888
9 5 47011
0 5 47073
0 5 47436
3 1 47883
8 6 47926
0 4 47961
0 9 48072
8 6 48329
0 2 48335
5 2 48668
5 1 48707
0 2 48708
4 2 48778
0 1 48791
0 9 48798
0 3 49049
5 4 49135
6 4 49324
5 4 49329
5 1 49739
6 2 49902
9 6 50023
0 5 50090
0 5 50096
8 4 50147
0 1 50229
0 3 50355
0 7 50365
8 4 50449
7 4 50660
0 7 50719
0 4 50760
0 4 50834
0 5 50845
0 3 50856
0 7 50905
9 3 50996
4 2 51743
0 3 52058
0 2 52122
0 4 53032
0 5 53108
9 8 53700
0 3 53771
0 9 53792
5 4 54015
3 1 54455
7 6 54518
0 8 54688
7 1 54738
0 7 54807
0 9 55442
8 5 55632
0 3 55638
0 9 55686
6 3 55767
3 2 56018
0 6 56390
4 2 56626
0 9 56648
9 8 56741
9 2 56746
0 7 56774
5 4 57006
0 9 57178
0 7 57235
0 4 57237
0 1 57255
0 4 57335
2 1 57389
0 6 57426
2 1 57453
0 2 57903
8 1 57909
0 6 57947
6 2 57962
0 4 58033
0 5 58406
0 7 58466
4 3 59003
0 1 59421
0 2 59637
0 5 59741
7 5 59813
4 3 59869
0 3 60150
3 1 60182
9 3 60218
0 9 60255
9 8 60308
0 9 60423
9 2 60427
0 6 60545
0 4 60559
0 6 60653
3 2 60713
0 4 60778
8 7 60781
3 2 60837
2 1 61130
0 3 61249
0 3 61498
7 2 61647
0 9 61998
3 1 62008
0 7 62100
0 3 62101
6 4 62272
5 1 62389
2 1 62446
6 5 62584
0 7 62683
3 2 62684
0 2 63401
8 5 63450
6 1 63865
7 5 64111
9 6 64418
0 9 64654
0 4 64680
0 3 64721
0 1 64850
0 6 65023
0 1 65082
0 4 65317
0 2 65442
0 3 65556
0 2 65923
9 7 66040
0 2 66107
7 5 66139
0 4 66413
0 6 66430
7 1 66490
6 4 66609
0 9 66718
6 1 66777
0 6 66930
0 7 67106
0 1 67317
0 1 67406
0 7 67520
5 4 67625
7 2 67951
0 7 68048
6 3 68049
0 7 68311
0 1 68344
0 1 68389
0 1 68446
7 6 68462
0 1 69073
0 6 69076
0 2 69103
5 4 69293
0 2 69590
2 1 69772
0 6 69862
6 3 69897
0 8 69908
6 4 69998
0 7 70330
6 2 70419
9 2 70531
2 1 71040
0 4 71163
0 4 71395
4 1 71436
0 6 71457
0 4 71488
0 1 71519
0 9 71537
4 3 71737
7 2 72201
7 3 72206
0 2 72231
2 1 72292
3 2 72332
0 3 72424
4 1 72839
7 5 72904
3 2 73038
9 6 73071
0 6 73171
9 3 73194
0 5 73226
0 4 73437
0 6 73531
6 5 73601
6 1 73712
0 8 73816
7 5 73887
7 3 74317
9 6 74402
8 2 74859
4 2 74929
0 2 75052
0 3 75243
0 4 75454
2 1 75589
0 3 75667
9 5 75705
0 8 75753
0 2 75850
0 6 75987
4 3 76045
7 3 76172
0 6 76257
6 3 76493
2 1 76611
0 3 76780
0 8 76838
8 2 76877
0 8 76958
4 1 77097
0 9 77331
9 5 77352
4 3 77786
6 1 77830
6 3 77853
3 2 78134
4 3 78170
0 6 78253
0 1 78352
6 3 78609
0 2 78870
0 8 79315
9 8 79624
5 3 79952
9 7 80076
0 6 80193
4 1 80227
9 6 80721
0 3 80723
0 6 80737
0 4 80874
3 2 81035
0 3 81097
8 4 81349
4 1 81898
0 3 82002
7 3 82166
0 1 82331
4 2 82460
6 3 82670
9 8 82679
4 1 82798
0 4 82862
7 2 83000
7 4 83023
2 1 83082
6 1 83228
9 8 83231
5 2 83253
4 2 83596
6 2 83914
5 4 83981
9 3 84071
7 6 84163
8 1 84313
7 1 84400
4 1 84596
4 3 84742
9 7 84818
8 3 84925
3 1 85049
2 1 85185
3 1 85424
2 1 85483
8 5 85649
6 4 85692
8 6 85739
9 8 85939
8 2 85961
6 3 86050
9 5 86178
5 4 86199
0 1 86399