10 1
6 5 17
5 4 19
8 5 28
8 2 30
8 4 31
6 4 33
3 2 39
2 1 43
7 3 49
6 3 52
8 7 55
3 2 57
3 2 97
6 5 99
2 1 106
7 2 112
7 2 134
6 2 136
9 7 137
7 4 141
7 4 148
3 2 158
3 2 169
7 3 175
8 6 184
6 3 190
3 2 192
2 1 193
5 2 194
4 3 197
5 1 199
0 9 213
3 1 219
2 1 222
7 5 225
0 9 244
0 9 250
9 5 254
0 9 256
0 7 270
0 1 276
3 1 292
0 5 294
0 9 307
5 1 313
0 8 340
0 2 341
0 8 351
5 1 358
0 4 364
0 1 374
0 2 389
0 3 400
7 1 404
0 6 408
9 6 430
0 4 432
2 1 435
3 2 436
5 1 441
2 1 447
0 8 448
0 4 475
0 8 490
0 6 492
0 4 496
0 6 514
5 2 522
6 4 528
0 3 532
0 6 537
0 9 538
6 4 544
9 6 563
5 4 567
5 4 575
9 7 577
0 4 580
0 8 587
0 3 594
0 2 614
0 9 635
0 4 645
0 7 666
0 3 678
9 5 685
9 6 709
0 2 718
0 1 721
4 2 725
3 1 731
4 2 738
9 5 748
7 3 765
0 4 791
0 9 817
9 5 823
5 2 828
0 4 844
7 1 846
0 1 851
4 3 854
0 9 861
0 4 864
4 1 871
0 1 876
2 1 935
0 6 941
0 9 943
9 3 948
0 4 966
0 3 967
0 4 970
0 8 975
2 1 1004
0 8 1006
0 8 1008
0 6 1010
0 7 1014
7 3 1015
0 9 1017
0 6 1020
9 6 1028
0 8 1031
0 1 1044
0 3 1051
6 1 1064
0 8 1070
3 2 1079
6 4 1085
5 1 1105
0 4 1109
4 2 1129
2 1 1147
6 1 1162
0 6 1165
3 2 1166
0 7 1196
0 3 1197
0 1 1202
0 5 1205
0 7 1206
2 1 1223
8 7 1246
0 6 1273
4 2 1283
2 1 1284
0 5 1286
5 3 1292
6 5 1310
0 3 1325
0 6 1331
0 4 1339
0 3 1364
0 3 1374
4 2 1387
0 3 1397
0 1 1398
3 2 1419
7 4 1444
9 8 1460
0 5 1461
2 1 1464
0 5 1466
0 3 1475
0 9 1479
7 5 1488
8 2 1505
2 1 1548
0 3 1549
4 3 1556
0 6 1559
6 5 1567
0 1 1573
0 2 1591
0 9 1593
7 2 1601
0 8 1605
0 3 1607
0 4 1620
2 1 1641
4 3 1655
0 4 1656
0 4 1659
0 3 1671
0 5 1675
8 1 1681
6 5 1689
5 4 1691
7 4 1705
8 2 1717
0 4 1720
0 6 1721
0 6 1722
0 7 1730
0 3 1733
3 1 1744
0 7 1747
0 2 1751
8 6 1769
5 3 1770
5 4 1784
0 2 1788
0 8 1797
0 3 1802
0 6 1813
0 2 1815
0 3 1816
8 1 1819
0 2 1822
2 1 1825
2 1 1828
8 6 1843
8 7 1845
7 4 1846
0 4 1848
0 3 1853
0 3 1854
9 7 1864
0 6 1869
9 8 1870
0 3 1871
0 8 1881
5 3 1883
0 6 1905
0 8 1921
0 4 1924
0 4 1928
3 2 1932
0 2 1938
0 7 1941
2 1 1969
0 2 1970
0 5 1986
2 1 1988
0 1 2005
3 2 2012
7 3 2017
0 8 2026
0 5 2030
0 6 2035
9 4 2039
5 1 2042
8 2 2044
9 4 2045
5 3 2047
6 1 2053
4 2 2058
5 2 2066
7 6 2069
7 4 2078
0 2 2083
5 3 2094
0 9 2100
0 9 2106
0 3 2113
7 5 2115
0 8 2121
0 2 2129
0 9 2136
2 1 2154
5 1 2165
0 9 2170
5 2 2173
6 1 2187
7 2 2192
0 1 2210
6 4 2211
0 1 2217
0 4 2219
4 3 2221
0 3 2229
0 7 2250
0 7 2258
7 3 2260
2 1 2264
0 5 2270
7 4 2271
0 1 2273
4 1 2287
9 2 2290
0 2 2293
6 2 2296
6 4 2308
0 1 2316
7 4 2320
0 3 2323
0 6 2324
0 6 2325
0 2 2344
0 4 2349
0 1 2350
0 6 2358
0 7 2363
0 4 2373
9 2 2388
0 5 2390
0 4 2406
0 9 2408
4 3 2413
0 2 2416
0 6 2417
0 4 2468
0 1 2474
7 6 2478
0 7 2480
0 1 2493
0 9 2496
0 5 2527
6 1 2537
7 4 2545
0 4 2548
0 3 2558
6 2 2561
2 1 2562
2 1 2570
0 8 2572
0 9 2581
4 3 2586
7 1 2613
0 8 2618
0 1 2635
0 6 2638
0 8 2651
0 2 2655
0 3 2663
8 2 2672
3 2 2678
4 2 2682
7 5 2686
0 9 2689
0 2 2692
3 2 2741
0 5 2763
0 9 2788
0 7 2802
9 7 2805
7 1 2813
0 9 2825
0 6 2826
0 7 2834
0 1 2848
0 8 2862
4 3 2868
0 9 2889
0 7 2893
0 1 2902
7 6 2912
0 6 2914
7 5 2927
7 1 2937
6 4 2945
5 4 2966
6 5 2971
0 9 2981
0 4 2987
0 1 2992
0 3 3000
0 9 3008
0 4 3012
7 2 3019
3 1 3021
6 2 3027
5 4 3064
0 4 3076
8 6 3079
4 3 3099
0 8 3109
5 1 3112
0 6 3115
0 6 3122
0 2 3128
8 7 3130
0 7 3136
0 1 3142
0 1 3146
6 3 3158
0 2 3169
6 2 3184
0 4 3192
0 1 3205
0 6 3208
8 3 3221
0 6 3230
0 3 3235
8 1 3249
3 2 3269
2 1 3270
9 8 3272
0 5 3281
4 2 3291
7 3 3306
8 4 3308
5 3 3323
7 5 3325
5 3 3328
4 1 3340
0 6 3347
6 5 3348
0 9 3350
0 8 3356
0 2 3357
0 7 3364
7 1 3369
0 3 3386
0 1 3394
0 5 3398
4 3 3406
0 1 3427
0 9 3450
0 3 3452
7 5 3455
7 3 3469
0 4 3480
0 3 3482
3 1 3494
0 1 3499
0 2 3502
0 6 3505
0 4 3514
9 3 3515
4 1 3530
5 3 3532
5 3 3537
3 2 3547
0 7 3548
0 4 3563
0 2 3578
0 2 3579
0 9 3580
7 3 3588
6 5 3594
0 9 3600
0 1 3615
0 6 3648
0 5 3651
0 6 3666
0 1 3667
0 4 3673
0 9 3682
0 1 3693
6 3 3705
2 1 3706
0 1 3714
5 2 3723
0 3 3736
0 4 3740
0 7 3751
5 2 3758
0 6 3760
0 2 3761
0 6 3785
7 2 3792
3 2 3796
6 5 3798
4 1 3804
0 8 3808
0 4 3810
0 9 3814
0 7 3830
0 9 3849
6 5 3852
5 4 3883
5 2 3907
0 1 3917
0 4 3935
9 6 3949
2 1 3954
0 9 3973
0 2 4014
8 2 4015
0 8 4017
0 7 4021
0 5 4041
3 2 4044
7 4 4045
0 2 4051
4 1 4053
0 1 4071
7 2 4075
4 3 4076
6 5 4077
4 2 4093
0 8 4100
0 6 4105
0 8 4117
0 9 4119
8 2 4126
0 4 4133
0 1 4154
6 1 4157
7 4 4165
0 3 4168
0 9 4169
0 6 4173
0 8 4181
0 3 4188
0 1 4192
4 1 4198
0 1 4199
0 8 4202
0 7 4218
6 4 4224
7 1 4230
0 6 4244
0 5 4251
0 5 4271
7 4 4296
0 6 4305
0 9 4307
5 3 4309
0 3 4315
0 5 4325
0 7 4327
0 4 4328
3 2 4346
7 6 4349
0 8 4352
5 4 4383
7 6 4394
4 2 4414
0 6 4438
0 5 4441
6 5 4445
8 4 4450
0 2 4462
9 5 4466
0 6 4471
8 1 4489
0 5 4501
3 2 4505
0 4 4516
9 3 4543
0 8 4553
2 1 4567
0 4 4577
4 3 4580
6 3 4581
4 2 4584
0 6 4589
0 2 4596
8 2 4608
0 6 4623
5 3 4643
0 8 4654
0 9 4656
4 3 4676
5 1 4685
3 1 4689
0 7 4699
0 6 4716
6 5 4719
0 9 4720
3 1 4740
2 1 4742
7 5 4743
7 4 4769
0 9 4776
0 1 4784
0 5 4791
0 6 4792
0 6 4798
0 9 4811
8 7 4812
0 1 4820
0 6 4827
0 1 4833
0 4 4835
7 5 4847
8 5 4852
5 2 4865
0 2 4872
7 4 4880
0 1 4895
3 1 4905
8 3 4920
4 2 4922
0 2 4927
0 3 4928
0 5 4937
0 6 4942
9 1 4966
0 4 4973
5 3 4976
0 8 4992
5 2 5013
0 9 5021
0 9 5029
7 6 5051
6 1 5060
0 1 5069
9 2 5074
5 3 5075
0 6 5076
0 2 5088
0 8 5092
8 2 5097
0 4 5123
0 6 5129
5 2 5132
0 9 5139
3 1 5145
0 7 5158
0 2 5160
7 6 5196
0 3 5201
0 5 5210
5 2 5234
8 6 5239
0 3 5242
4 3 5244
8 5 5251
2 1 5254
9 7 5258
0 1 5267
6 4 5273
4 1 5274
0 3 5277
5 2 5285
5 2 5296
5 2 5307
0 4 5315
3 1 5329
0 9 5330
0 6 5346
5 4 5351
9 8 5360
7 5 5368
4 2 5378
0 6 5403
0 9 5417
0 9 5428
0 5 5441
0 3 5472
0 1 5486
2 1 5489
0 6 5555
0 6 5560
7 5 5573
0 9 5580
0 9 5588
9 2 5590
0 9 5593
6 2 5597
8 2 5618
9 2 5624
0 5 5632
4 1 5636
0 3 5642
0 5 5680
0 3 5694
2 1 5699
2 1 5719
0 7 5734
4 3 5745
0 9 5752
9 8 5758
5 2 5762
6 2 5793
0 2 5809
5 2 5811
0 4 5829
9 6 5834
6 2 5836
0 9 5850
7 1 5852
2 1 5855
0 9 5866
6 1 5878
0 4 5891
9 2 5894
9 8 5898
0 9 5901
0 4 5908
7 5 5917
0 6 5929
0 5 5950
5 2 5952
2 1 5954
3 1 5965
0 9 5966
8 6 5990
0 5 5997
2 1 6015
0 2 6040
0 1 6045
0 7 6071
2 1 6074
2 1 6076
6 2 6090
9 2 6093
0 8 6105
8 2 6109
0 8 6110
2 1 6125
0 3 6128
0 2 6131
0 7 6137
0 7 6155
0 4 6158
0 8 6162
0 3 6168
0 8 6178
0 2 6179
0 1 6180
6 1 6184
0 5 6186
0 9 6188
0 4 6193
0 1 6201
3 1 6208
0 8 6212
2 1 6232
9 1 6238
9 7 6249
0 5 6260
0 3 6286
0 6 6291
4 3 6294
0 1 6295
0 4 6303
7 1 6314
9 6 6317
0 5 6343
8 1 6354
5 1 6362
0 6 6364
0 7 6368
0 5 6385
0 1 6388
0 2 6398
4 2 6404
9 2 6406
0 4 6408
0 9 6410
8 2 6420
7 5 6426
0 6 6429
0 4 6432
0 4 6437
0 2 6438
8 7 6442
0 3 6449
0 4 6455
0 1 6457
0 7 6470
0 4 6475
7 2 6480
0 9 6482
4 3 6496
0 8 6505
0 8 6507
3 2 6509
3 2 6539
3 1 6556
0 1 6569
0 6 6574
0 8 6584
0 9 6585
0 9 6599
7 6 6602
6 4 6607
0 6 6613
0 3 6615
0 4 6634
9 3 6636
6 3 6652
2 1 6661
0 1 6678
0 6 6679
0 7 6685
7 1 6686
4 1 6699
8 6 6703
0 1 6727
7 2 6740
0 2 6743
9 3 6745
0 4 6749
7 6 6753
6 5 6757
5 3 6760
7 4 6763
0 9 6769
5 4 6773
9 6 6791
4 2 6802
0 3 6824
0 7 6829
0 4 6843
0 6 6849
8 4 6863
0 3 6906
0 5 6912
0 9 6932
0 3 6948
0 6 6954
4 1 6960
0 4 6963
8 1 6972
0 8 6984
4 1 6986
5 1 6989
3 2 6995
3 2 7004
0 6 7022
0 5 7026
8 5 7031
3 2 7042
8 7 7047
0 4 7048
0 3 7050
0 2 7066
6 2 7078
3 2 7095
8 2 7127
0 8 7128
6 4 7129
0 1 7135
0 2 7145
0 7 7159
7 5 7163
0 4 7166
5 2 7186
0 6 7188
0 4 7192
9 3 7212
0 3 7218
0 8 7225
0 7 7236
0 7 7241
0 4 7250
7 1 7254
0 9 7262
0 6 7267
7 3 7278
9 5 7289
7 1 7290
0 3 7292
0 1 7338
0 6 7342
0 3 7349
0 5 7368
0 7 7369
0 3 7380
7 6 7382
0 9 7384
0 2 7396
9 8 7422
0 9 7426
0 4 7427
0 7 7438
6 2 7448
6 5 7467
0 6 7485
5 1 7486
0 1 7532
0 8 7543
0 7 7547
0 3 7586
0 4 7590
9 8 7591
0 9 7597
0 2 7600
8 6 7630
0 8 7631
3 2 7646
8 2 7657
5 1 7662
5 1 7665
7 4 7669
0 1 7672
0 4 7680
0 5 7682
0 1 7687
6 4 7698
0 6 7736
3 2 7738
0 7 7739
0 9 7747
0 1 7757
6 3 7759
0 9 7775
0 7 7785
0 9 7792
0 9 7797
0 2 7801
4 2 7808
9 4 7832
4 3 7833
7 5 7840
9 6 7852
0 2 7868
0 2 7872
9 6 7877
0 4 7886
0 2 7903
2 1 7905
9 6 7934
0 3 7941
0 6 7944
5 2 7953
0 7 7959
0 3 7962
0 6 7985
0 7 7997
4 3 8011
0 6 8017
4 3 8050
0 6 8052
3 2 8055
7 3 8071
9 8 8073
0 8 8074
2 1 8083
8 2 8084
0 7 8094
8 7 8096
8 2 8097
0 3 8101
0 5 8110
0 5 8120
4 3 8127
0 8 8137
5 3 8153
9 3 8157
0 5 8174
0 1 8177
0 9 8181
0 1 8192
3 2 8193
3 2 8196
0 5 8199
5 2 8207
4 2 8211
0 6 8215
0 3 8230
6 5 8245
0 2 8248
7 6 8260
0 2 8264
7 3 8300
0 7 8303
0 7 8306
0 6 8315
3 1 8335
7 5 8338
0 3 8341
5 2 8344
9 8 8346
0 9 8360
0 7 8378
6 3 8380
7 1 8387
5 3 8397
0 2 8403
0 2 8409
6 2 8425
0 6 8450
3 1 8454
7 6 8470
0 5 8479
0 3 8486
6 3 8498
0 9 8504
0 3 8509
3 1 8526
3 1 8555
8 4 8573
0 4 8599
7 1 8602
3 1 8603
3 1 8606
0 8 8609
0 8 8612
6 2 8632
4 1 8642
6 4 8646
9 7 8648
0 9 8657
2 1 8668
0 6 8669
8 3 8712
0 8 8716
0 7 8719
3 2 8720
3 1 8722
0 1 8730
0 5 8739
0 5 8748
7 3 8754
0 2 8784
0 8 8827
0 8 8832
0 4 8849
5 2 8851
2 1 8854
0 6 8857
0 5 8867
0 2 8873
0 3 8887
4 3 8894
0 7 8898
0 8 8900
8 4 8903
0 8 8917
0 6 8931
0 1 8950
0 6 8953
6 1 8971
6 1 8972
0 2 8986
0 6 9010
0 1 9013
0 7 9017
0 6 9031
6 2 9052
8 6 9059
0 5 9067
0 3 9068
0 6 9072
6 5 9084
7 5 9088
0 2 9096
7 4 9101
7 3 9123
0 7 9129
5 3 9134
0 5 9165
0 9 9186
0 7 9193
0 1 9205
3 1 9214
0 3 9232
4 2 9235
9 3 9236
2 1 9237
3 1 9257
0 7 9270
0 3 9272
7 4 9277
0 6 9279
4 3 9287
6 2 9305
5 1 9313
0 5 9314
0 4 9316
2 1 9317
4 2 9347
8 1 9356
0 7 9373
0 4 9389
0 2 9420
4 2 9428
0 7 9433
0 8 9435
0 8 9437
9 3 9441
5 1 9446
0 6 9452
0 5 9486
0 4 9506
0 3 9508
2 1 9530
8 5 9533
0 9 9555
3 1 9563
0 2 9567
2 1 9569
0 9 9589
4 1 9592
0 5 9598
0 6 9629
0 4 9643
8 1 9650
8 1 9659
0 7 9679
3 1 9682
6 5 9684
4 3 9708
0 5 9729
0 8 9730
0 1 9733
0 9 9739
0 9 9748
5 4 9758
0 2 9766
2 1 9774
0 9 9778
8 3 9789
4 1 9790
8 2 9795
0 4 9801
3 2 9804
0 6 9806
7 5 9817
5 3 9831
7 3 9837
0 5 9848
0 8 9851
6 4 9855
9 4 9874
0 9 9880
0 2 9883
9 7 9889
0 5 9899
0 9 9903
0 6 9917
0 3 9935
0 9 9936
0 3 9941
3 1 9963
9 8 9977
0 4 9978
8 6 9983
3 2 9990
7 4 9993
0 8 9994
6 1 10000
4 2 10005
8 2 10007
0 9 10015
0 9 10042
9 1 10054
7 2 10065
0 1 10067
0 5 10088
7 1 10100
0 1 10106
7 4 10110
0 3 10115
9 6 10119
3 2 10128
0 3 10131
0 9 10147
0 2 10157
0 9 10166
4 3 10172
9 5 10179
0 7 10181
0 4 10186
5 1 10187
4 1 10191
0 6 10212
0 3 10217
7 5 10236
9 7 10243
0 4 10245
9 8 10248
5 4 10251
6 5 10252
8 4 10254
0 4 10258
6 5 10276
7 5 10287
0 6 10313
4 1 10316
0 4 10334
8 3 10357
0 7 10373
0 2 10374
0 9 10379
6 2 10384
0 6 10387
8 3 10394
0 6 10409
2 1 10410
0 3 10418
0 5 10420
3 2 10432
6 2 10437
0 5 10455
0 5 10486
9 5 10492
4 2 10499
0 8 10510
9 3 10513
3 1 10514
8 2 10515
8 6 10527
0 8 10534
9 7 10540
0 6 10549
3 1 10550
9 8 10580
6 2 10581
0 7 10584
0 2 10603
0 1 10608
9 4 10637
0 9 10644
0 8 10655
0 7 10656
3 2 10660
0 6 10667
0 1 10677
0 2 10678
0 3 10683
0 7 10690
9 8 10694
0 6 10696
0 4 10718
3 1 10725
0 5 10741
8 7 10743
4 1 10751
2 1 10766
7 6 10776
0 6 10800
3 1 10835
0 1 10838
0 5 10842
8 6 10848
2 1 10869
0 1 10903
0 9 10911
3 1 10919
8 3 10921
0 5 10924
7 4 10936
7 5 10945
7 5 10952
2 1 10953
3 1 10956
0 1 10966
0 4 10970
0 4 10974
8 4 10978
0 6 10985
0 1 11004
0 5 11006
7 4 11034
0 6 11035
0 3 11041
8 6 11056
6 3 11061
4 3 11063
0 5 11079
7 4 11095
0 8 11100
0 6 11108
9 5 11109
5 3 11137
4 1 11141
0 1 11142
0 8 11149
0 5 11173
0 5 11178
8 1 11197
0 8 11205
0 1 11208
0 7 11209
9 7 11211
7 3 11221
0 1 11223
4 3 11226
0 7 11231
6 5 11233
0 3 11250
0 8 11279
0 6 11293
0 2 11294
0 3 11302
0 7 11305
4 2 11317
6 5 11323
0 1 11325
0 7 11328
6 1 11332
0 4 11335
8 2 11341
0 8 11360
3 2 11377
0 4 11378
8 6 11383
7 3 11399
0 9 11401
7 4 11414
0 8 11447
2 1 11450
5 3 11464
0 1 11467
9 6 11474
0 3 11476
7 4 11477
7 5 11479
0 5 11483
0 6 11493
3 2 11495
0 9 11499
0 4 11515
0 4 11525
5 4 11529
8 7 11537
0 6 11547
4 1 11548
0 9 11556
0 5 11557
0 3 11560
7 6 11566
0 4 11573
0 5 11601
0 6 11604
0 7 11629
3 1 11637
0 4 11646
6 2 11666
0 9 11701
0 2 11719
5 2 11725
7 6 11726
0 1 11728
0 5 11729
8 2 11738
0 4 11739
0 6 11747
0 9 11752
5 1 11764
0 1 11772
7 4 11795
0 6 11798
0 1 11799
4 1 11810
5 3 11829
0 9 11835
8 5 11847
0 1 11855
2 1 11860
0 6 11863
8 1 11879
7 1 11887
3 1 11892
0 8 11895
0 4 11899
0 9 11909
0 2 11912
0 9 11919
4 2 11935
0 9 11937
8 2 11940
0 2 11946
0 3 11954
0 6 11956
0 1 11965
0 6 11970
0 1 11983
2 1 11985
0 7 11993
0 9 11995
0 2 12010
0 7 12014
0 2 12019
7 3 12027
3 1 12037
0 7 12058
0 8 12061
8 7 12071
0 7 12072
8 1 12086
3 2 12096
5 3 12105
0 3 12115
0 9 12116
0 4 12124
6 1 12140
8 4 12147
2 1 12155
0 9 12163
0 6 12174
9 2 12187
0 9 12188
4 3 12201
0 9 12204
8 4 12206
8 1 12215
0 6 12217
0 6 12221
3 2 12222
0 4 12225
9 5 12227
3 2 12256
6 1 12257
0 7 12260
7 5 12269
3 1 12279
0 7 12287
0 2 12289
0 9 12291
5 3 12308
0 1 12311
0 8 12317
4 2 12331
0 8 12352
0 4 12358
0 5 12363
4 3 12381
7 1 12384
0 5 12415
0 6 12416
3 2 12419
0 2 12428
9 8 12430
5 4 12435
0 6 12437
8 1 12440
9 1 12463
7 4 12470
4 3 12483
4 1 12488
0 6 12489
7 1 12513
0 5 12522
0 1 12526
0 8 12528
8 3 12529
0 3 12532
5 3 12534
4 1 12539
6 5 12540
3 2 12550
0 6 12557
0 4 12560
0 4 12562
3 2 12566
7 4 12594
0 7 12596
0 9 12598
0 7 12635
4 3 12639
8 1 12652
0 5 12655
0 1 12681
6 5 12688
0 5 12702
0 7 12712
0 9 12715
7 3 12718
0 6 12726
8 5 12730
4 3 12764
0 5 12771
0 9 12790
0 7 12791
0 1 12793
0 2 12794
3 2 12818
9 5 12832
0 2 12842
9 8 12845
0 7 12863
0 5 12867
5 2 12882
6 4 12888
0 2 12899
0 9 12901
0 4 12902
0 5 12918
4 2 12920
0 4 12925
0 7 12930
6 2 12933
6 3 12934
9 8 12945
2 1 12947
4 3 12988
2 1 12995
0 8 13003
0 7 13012
0 5 13020
0 4 13039
6 2 13056
0 8 13061
5 3 13068
0 3 13080
6 1 13085
9 6 13096
8 4 13100
8 4 13102
0 2 13110
0 1 13125
0 7 13128
0 4 13130
0 1 13140
6 4 13147
0 8 13152
0 9 13155
5 1 13161
0 3 13162
0 4 13187
0 7 13188
0 5 13189
0 2 13195
3 2 13196
5 3 13219
7 4 13223
3 1 13240
0 7 13259
0 3 13285
5 1 13299
0 6 13313
6 4 13314
7 3 13332
0 6 13346
5 3 13361
0 3 13364
0 6 13369
8 5 13378
0 6 13397
9 8 13416
8 3 13421
0 9 13424
0 3 13427
0 4 13432
0 6 13439
9 6 13443
0 3 13455
8 4 13457
0 1 13460
0 7 13467
3 1 13473
0 5 13475
5 1 13486
0 3 13503
0 6 13504
9 4 13509
0 7 13524
4 2 13533
0 6 13536
3 1 13546
0 7 13556
4 2 13558
6 4 13559
0 3 13567
0 8 13569
0 5 13585
0 3 13590
9 6 13591
0 8 13596
0 9 13602
0 2 13609
3 2 13616
0 6 13619
0 9 13624
3 1 13631
3 2 13639
9 4 13642
8 6 13647
4 2 13655
0 1 13668
0 9 13673
0 4 13686
0 5 13709
3 1 13714
0 6 13716
0 8 13721
0 1 13724
0 4 13731
0 3 13732
0 3 13742
0 3 13752
0 8 13754
0 1 13764
0 7 13781
0 6 13803
0 8 13817
9 4 13837
7 2 13838
0 6 13840
7 6 13842
6 1 13853
0 8 13901
8 2 13902
0 2 13913
0 1 13950
0 9 13969
7 5 13972
9 2 13975
0 6 13979
7 5 13984
0 9 13988
6 1 13991
0 5 13998
5 2 13999
0 1 14007
0 5 14008
0 5 14010
0 9 14036
3 2 14037
6 4 14038
2 1 14039
0 7 14047
9 8 14057
5 4 14067
6 4 14081
7 5 14088
9 6 14095
0 4 14111
0 1 14119
0 6 14123
0 4 14124
8 3 14133
2 1 14139
0 1 14141
0 4 14143
3 1 14147
7 6 14161
8 4 14177
0 3 14183
7 4 14189
0 4 14195
0 1 14219
0 6 14235
8 2 14285
8 3 14287
8 2 14295
0 2 14297
0 9 14298
0 1 14301
0 3 14306
0 6 14309
3 1 14320
0 8 14341
0 5 14355
8 2 14363
0 8 14399
6 4 14402
5 2 14405
0 4 14406
0 6 14417
8 5 14422
5 3 14428
0 3 14439
3 1 14446
0 1 14472
6 2 14478
8 5 14495
0 6 14497
9 4 14499
0 7 14503
7 1 14505
4 3 14532
7 3 14542
3 1 14548
2 1 14551
8 2 14568
8 3 14573
0 4 14575
7 4 14581
0 3 14609
0 4 14625
0 1 14626
0 4 14637
4 1 14642
0 1 14656
8 3 14660
0 8 14664
0 5 14667
0 6 14674
5 3 14675
0 6 14701
9 7 14704
2 1 14711
0 5 14735
0 4 14754
0 5 14765
0 7 14770
0 6 14774
0 1 14794
0 4 14821
7 6 14825
0 1 14863
0 4 14864
9 3 14884
0 4 14886
0 2 14888
8 4 14903
2 1 14904
0 2 14919
0 7 14925
8 6 14927
0 2 14931
7 2 14932
0 7 14939
0 4 14949
0 1 14954
0 9 14975
0 5 14976
0 4 14981
0 6 14984
0 9 14987
0 4 14999
0 6 15002
0 7 15030
0 5 15034
0 7 15040
8 5 15041
0 9 15052
4 3 15055
0 3 15063
0 8 15083
9 6 15097
0 6 15114
4 3 15118
0 9 15125
0 2 15139
5 3 15158
9 2 15159
0 9 15179
0 7 15205
5 3 15208
0 1 15220
4 3 15226
0 8 15234
2 1 15236
7 6 15245
4 2 15247
0 7 15250
0 9 15255
9 6 15262
0 4 15264
0 2 15318
3 1 15334
3 1 15343
0 4 15347
0 2 15350
8 7 15357
0 2 15368
0 6 15387
8 3 15390
0 8 15391
2 1 15407
8 7 15411
9 4 15413
7 2 15414
8 7 15426
0 3 15439
0 2 15465
6 3 15467
0 6 15481
0 1 15510
0 2 15525
9 7 15526
0 2 15529
4 1 15536
0 8 15543
0 6 15558
9 7 15565
5 3 15569
0 8 15570
4 3 15580
0 8 15586
7 6 15597
0 7 15600
3 1 15602
0 4 15608
6 2 15615
0 6 15619
0 9 15621
0 5 15625
0 5 15626
0 1 15636
0 9 15638
5 4 15649
0 7 15657
5 1 15664
4 3 15681
0 1 15684
0 5 15697
9 6 15704
0 8 15706
0 9 15731
0 4 15740
6 1 15742
8 1 15770
0 5 15780
0 8 15782
0 5 15795
0 9 15801
4 2 15819
6 4 15832
4 3 15839
0 4 15840
0 4 15843
0 7 15848
5 1 15866
6 1 15884
0 7 15892
3 2 15896
0 5 15901
3 1 15931
9 6 15933
7 1 15960
0 2 15971
8 4 15978
7 4 15982
0 2 15989
7 4 15991
0 4 15993
9 6 15996
5 1 15999
9 7 16008
0 2 16013
0 8 16024
0 4 16039
0 4 16042
8 1 16045
0 1 16048
0 5 16077
0 9 16086
8 2 16103
9 6 16114
0 7 16140
0 6 16146
0 1 16150
6 3 16161
4 2 16174
0 5 16187
0 1 16195
0 5 16196
8 4 16197
0 9 16200
0 4 16201
0 6 16203
2 1 16204
8 6 16208
0 9 16219
0 5 16220
0 1 16227
0 4 16235
4 3 16236
5 3 16237
0 3 16245
0 2 16273
7 2 16280
0 7 16281
2 1 16284
0 5 16288
0 6 16301
3 2 16310
3 2 16315
8 3 16324
6 1 16333
8 1 16345
0 3 16350
0 5 16353
0 1 16354
2 1 16362
5 1 16367
0 5 16374
4 2 16375
0 9 16388
0 1 16390
9 4 16407
8 5 16411
2 1 16417
0 6 16420
0 7 16421
0 7 16439
0 1 16442
2 1 16452
5 1 16455
5 2 16460
0 9 16465
0 1 16472
9 5 16479
0 9 16482
0 5 16485
4 3 16505
0 5 16507
7 5 16509
0 9 16511
0 7 16523
5 1 16524
3 1 16546
0 4 16554
3 2 16557
7 6 16582
6 3 16583
0 6 16590
3 2 16594
0 2 16615
0 6 16627
0 1 16635
8 3 16637
0 6 16662
2 1 16679
6 4 16688
0 7 16697
5 2 16700
0 6 16707
0 3 16716
0 5 16741
0 8 16746
0 9 16750
0 1 16753
0 8 16766
0 9 16773
0 3 16791
0 8 16793
7 4 16795
4 2 16800
6 4 16809
0 3 16817
0 3 16830
8 2 16849
0 7 16852
0 2 16863
0 9 16866
8 4 16884
0 2 16887
8 4 16891
6 5 16892
0 4 16904
0 9 16905
0 3 16906
0 2 16927
6 2 16939
0 2 16952
0 6 16965
0 7 16974
3 2 16975
0 7 16977
0 4 16984
9 8 16987
0 3 16989
0 2 17009
0 8 17020
0 3 17025
0 5 17034
8 3 17035
6 4 17041
8 5 17045
0 4 17047
9 1 17060
0 8 17061
0 5 17068
0 5 17078
0 5 17089
0 1 17100
0 1 17104
0 3 17114
0 6 17120
5 4 17144
0 5 17160
0 1 17168
8 7 17188
0 5 17191
0 3 17196
0 1 17223
0 7 17230
0 6 17239
9 3 17244
0 5 17250
0 7 17258
0 7 17261
0 6 17273
7 3 17275
2 1 17276
6 1 17287
8 1 17305
0 8 17309
0 1 17314
8 4 17316
0 8 17317
4 1 17318
0 1 17343
0 6 17344
0 3 17379
0 8 17391
0 3 17394
9 6 17395
8 3 17401
7 3 17403
0 6 17409
0 5 17429
5 4 17433
8 4 17436
6 1 17443
7 5 17447
9 2 17450
0 4 17459
0 9 17465
4 1 17481
0 6 17528
0 8 17532
0 1 17550
0 5 17562
7 5 17565
5 1 17587
0 2 17599
9 8 17619
0 3 17632
6 5 17640
2 1 17651
0 7 17665
4 1 17677
7 5 17678
0 7 17693
8 5 17710
6 5 17712
3 1 17715
4 3 17737
8 3 17745
0 6 17765
2 1 17781
3 2 17789
9 2 17801
0 9 17806
0 4 17816
0 3 17821
3 2 17824
0 1 17828
0 4 17833
8 2 17857
0 9 17873
0 6 17874
8 4 17895
0 4 17906
4 2 17911
0 6 17917
0 9 17918
0 8 17925
2 1 17927
0 5 17928
0 2 17939
0 2 17941
4 1 17951
6 3 17964
0 8 17979
0 1 17981
0 2 17984
5 3 17992
0 7 18019
8 4 18024
0 6 18025
0 5 18027
0 6 18038
0 7 18060
0 8 18061
0 1 18066
0 3 18067
2 1 18077
8 6 18091
0 1 18114
2 1 18117
6 5 18134
0 3 18148
8 7 18167
0 8 18175
0 1 18179
0 1 18182
0 7 18214
0 8 18226
6 1 18236
0 2 18237
5 1 18241
0 8 18253
0 9 18258
6 3 18268
0 2 18279
8 1 18282
0 5 18299
2 1 18302
6 1 18323
5 4 18333
0 3 18338
0 6 18340
0 5 18341
0 9 18345
5 3 18355
0 4 18359
0 1 18360
7 4 18370
3 2 18374
0 5 18391
0 6 18400
5 2 18406
7 2 18424
0 4 18425
0 9 18426
0 4 18432
8 3 18434
0 6 18456
0 5 18492
0 5 18498
4 2 18499
0 1 18511
7 6 18514
5 1 18532
0 8 18546
0 8 18547
4 3 18549
0 4 18559
0 3 18595
0 9 18618
4 3 18619
6 4 18629
0 5 18630
0 7 18634
8 6 18639
3 2 18645
0 7 18649
0 4 18657
0 8 18671
8 4 18688
7 1 18694
7 5 18695
7 2 18711
3 2 18716
4 3 18763
9 4 18780
3 2 18786
0 5 18793
6 4 18797
0 7 18808
0 3 18810
7 2 18811
0 2 18822
0 9 18825
5 3 18827
0 3 18840
0 7 18843
0 1 18844
3 1 18856
8 1 18878
0 9 18882
0 1 18883
7 3 18886
7 4 18891
0 9 18897
8 4 18898
0 4 18899
4 3 18913
0 8 18914
0 2 18915
0 5 18936
5 3 18937
6 2 18948
8 7 18958
5 1 18965
0 4 18966
9 3 18989
4 3 18990
6 4 18991
0 2 19017
0 9 19020
5 1 19029
5 1 19054
7 6 19055
5 1 19057
9 5 19069
0 3 19071
9 1 19074
6 4 19076
0 1 19092
6 2 19094
9 5 19125
8 4 19128
6 4 19130
5 3 19140
0 2 19145
7 1 19158
0 7 19168
0 6 19171
4 3 19174
3 1 19177
8 1 19202
0 3 19210
0 7 19219
0 2 19220
7 6 19221
0 5 19226
0 9 19230
0 5 19267
7 4 19287
0 4 19289
5 1 19291
0 9 19297
3 2 19303
0 6 19318
8 7 19320
0 7 19337
7 5 19346
0 8 19353
7 4 19361
8 6 19364
0 4 19372
0 4 19379
0 1 19384
9 2 19393
0 6 19410
0 4 19422
0 3 19428
3 1 19442
0 2 19445
0 6 19457
0 3 19464
0 4 19465
0 7 19468
8 2 19473
9 6 19482
8 1 19484
8 6 19497
4 2 19498
0 1 19499
7 6 19503
3 1 19511
2 1 19514
0 7 19521
0 3 19523
0 7 19527
0 1 19528
0 3 19542
2 1 19551
8 5 19555
9 3 19559
6 5 19581
0 1 19588
6 5 19598
0 8 19599
0 2 19602
8 1 19604
0 7 19605
0 6 19609
0 6 19612
0 9 19615
0 1 19628
3 1 19634
0 8 19656
6 1 19666
0 1 19667
5 4 19673
3 1 19681
0 1 19691
0 3 19696
0 9 19717
0 3 19719
0 2 19726
0 4 19730
4 2 19756
5 1 19761
0 5 19773
5 4 19780
0 3 19785
0 9 19786
0 4 19801
8 7 19802
0 6 19805
0 1 19818
5 1 19821
6 1 19846
0 6 19867
5 4 19870
0 9 19879
0 8 19910
0 6 19911
7 1 19925
9 1 19954
0 5 19957
2 1 19958
8 7 19969
0 9 19989
6 5 19990
0 5 19997
3 1 20001
0 2 20004
0 5 20009
8 1 20014
0 7 20024
0 1 20040
0 6 20047
0 8 20053
0 7 20055
0 4 20057
0 8 20067
9 6 20071
0 9 20081
7 3 20089
0 1 20099
8 5 20100
7 3 20107
0 1 20109
0 3 20116
5 4 20132
0 8 20135
6 5 20140
0 9 20152
6 2 20162
8 7 20165
0 9 20166
0 6 20169
3 1 20172
0 9 20181
0 7 20184
7 1 20199
3 1 20206
0 8 20213
8 6 20218
6 2 20222
0 9 20225
3 2 20241
0 1 20243
0 8 20247
0 8 20274
0 8 20275
0 1 20277
0 7 20284
0 9 20306
6 1 20309
0 1 20315
6 4 20350
0 9 20377
8 7 20379
0 8 20384
0 1 20386
0 4 20390
0 5 20392
0 9 20416
0 8 20419
0 4 20428
0 1 20436
0 7 20437
0 9 20446
0 9 20461
0 7 20482
0 4 20484
0 4 20486
0 6 20521
2 1 20525
0 1 20526
0 3 20527
5 2 20530
8 2 20536
0 6 20553
7 1 20557
8 7 20563
0 7 20564
7 3 20577
0 8 20601
9 1 20622
0 3 20626
0 6 20629
0 4 20632
0 4 20638
6 3 20642
0 7 20645
3 1 20652
9 6 20656
6 4 20666
0 6 20672
0 9 20692
0 1 20700
0 4 20702
2 1 20703
0 6 20706
0 6 20713
0 4 20732
7 6 20744
0 6 20747
0 1 20748
5 3 20755
0 9 20756
4 3 20758
0 8 20760
0 5 20762
0 2 20769
0 7 20773
9 6 20775
0 4 20786
0 9 20790
9 4 20794
5 3 20796
0 3 20799
0 7 20809
6 2 20824
9 4 20826
2 1 20836
2 1 20839
7 2 20843
7 5 20857
0 1 20861
0 3 20863
0 4 20864
9 4 20867
0 8 20895
6 2 20901
0 6 20913
0 6 20915
0 5 20918
5 2 20929
8 6 20935
0 8 20936
0 6 20972
0 9 20976
0 6 20980
5 2 20987
0 6 20991
0 7 20994
0 5 21000
3 2 21002
0 1 21004
6 1 21010
0 1 21019
0 8 21032
6 2 21037
0 2 21053
0 7 21054
6 2 21058
0 4 21067
6 5 21072
6 1 21073
0 3 21074
0 5 21084
7 5 21100
0 2 21119
0 2 21129
7 2 21147
5 1 21150
0 4 21166
6 5 21170
7 2 21173
2 1 21179
8 3 21205
0 3 21208
0 6 21219
0 1 21227
0 8 21230
3 2 21233
3 2 21235
0 8 21236
0 2 21240
4 3 21247
6 4 21249
0 6 21262
0 6 21271
0 9 21275
0 9 21284
0 6 21286
9 8 21305
0 5 21319
6 2 21320
0 6 21322
8 6 21324
2 1 21337
0 8 21339
0 5 21350
0 6 21354
0 9 21355
3 1 21362
0 8 21366
8 6 21378
5 4 21381
0 2 21382
9 5 21401
0 1 21403
0 6 21408
6 4 21429
0 4 21430
5 1 21439
0 7 21442
0 3 21443
6 1 21464
0 4 21468
7 1 21474
6 3 21476
0 6 21486
3 2 21490
5 1 21498
0 9 21499
0 2 21513
0 5 21523
6 3 21533
3 1 21534
0 5 21543
9 5 21546
7 2 21548
0 2 21558
0 7 21569
0 6 21570
0 7 21572
0 1 21576
0 6 21581
8 3 21584
3 2 21586
0 8 21593
6 5 21596
8 2 21598
5 1 21603
7 3 21610
0 6 21624
0 8 21631
0 1 21639
6 3 21650
6 4 21651
0 8 21654
4 2 21655
4 2 21665
0 1 21670
8 1 21682
8 6 21686
0 8 21687
0 8 21689
6 4 21690
9 1 21693
2 1 21702
3 2 21703
0 8 21704
0 7 21708
0 1 21713
5 1 21716
6 5 21723
8 7 21730
3 2 21746
8 3 21757
0 3 21768
0 7 21774
0 7 21778
0 2 21790
0 6 21792
0 5 21805
9 1 21806
0 9 21811
0 7 21813
3 1 21817
9 8 21823
0 2 21836
7 6 21870
0 7 21877
6 2 21898
0 9 21900
9 5 21905
0 4 21932
0 1 21937
0 8 21951
8 5 21957
0 5 21959
0 6 21986
5 3 21992
0 9 21999
0 8 22006
0 4 22032
8 1 22034
0 5 22035
4 1 22042
0 1 22043
8 5 22048
0 1 22052
0 5 22056
9 4 22066
9 3 22073
5 4 22075
3 1 22077
4 2 22087
9 4 22097
7 3 22115
0 1 22138
0 7 22140
7 6 22172
0 6 22179
0 2 22189
3 2 22199
0 2 22213
0 3 22215
6 1 22237
6 5 22242
3 1 22243
0 8 22245
0 2 22246
4 2 22249
0 5 22264
9 5 22267
6 3 22268
0 7 22285
3 2 22292
0 7 22295
0 9 22321
0 5 22322
0 2 22329
8 5 22335
0 4 22337
0 7 22347
0 3 22348
0 2 22361
0 7 22362
0 8 22371
0 7 22380
0 5 22382
3 1 22392
0 3 22409
0 5 22442
5 1 22445
5 1 22446
0 5 22455
2 1 22459
0 7 22464
0 7 22468
8 4 22470
6 2 22495
0 9 22520
4 3 22523
6 3 22525
0 9 22527
0 1 22529
0 3 22532
5 4 22536
9 1 22546
0 7 22556
0 6 22560
4 2 22564
0 6 22565
0 8 22583
0 6 22584
0 8 22585
0 5 22602
6 3 22607
5 2 22618
2 1 22621
0 6 22622
0 4 22679
3 1 22688
0 4 22693
3 2 22727
0 1 22729
3 2 22731
0 9 22737
0 4 22765
0 1 22766
9 2 22784
0 8 22786
8 4 22795
0 9 22803
6 5 22807
4 1 22809
9 5 22813
0 1 22816
7 2 22817
8 6 22824
5 4 22840
0 5 22843
3 1 22848
0 5 22849
5 3 22858
0 8 22873
3 1 22875
0 7 22878
9 4 22885
0 2 22899
4 1 22901
5 3 22904
7 4 22908
0 7 22923
0 5 22929
0 8 22932
0 3 22937
2 1 22938
0 4 22949
0 5 22956
4 2 22962
7 5 22980
3 1 22990
0 9 22991
0 6 23008
0 2 23011
0 4 23015
7 3 23016
0 7 23022
0 3 23030
0 6 23041
5 4 23043
0 1 23062
0 8 23063
4 2 23066
0 8 23068
0 4 23069
0 7 23076
0 7 23086
0 8 23095
0 5 23117
6 1 23120
0 5 23122
0 4 23137
0 2 23141
0 2 23146
0 1 23155
0 7 23156
0 3 23157
9 5 23160
9 2 23167
4 2 23172
0 1 23174
0 6 23183
8 5 23185
7 3 23191
0 6 23200
0 6 23233
0 4 23237
3 2 23248
0 5 23255
0 5 23259
0 7 23264
0 2 23267
0 4 23277
9 4 23302
0 3 23310
0 7 23318
6 4 23333
0 1 23335
0 1 23364
0 9 23365
0 3 23373
0 4 23377
7 4 23381
0 8 23397
3 1 23410
0 9 23419
8 7 23421
0 3 23437
8 7 23445
3 2 23459
0 9 23467
9 1 23473
0 1 23489
5 4 23517
7 2 23529
0 4 23533
0 1 23537
6 1 23543
3 2 23546
8 5 23555
0 6 23557
7 3 23558
0 1 23562
3 2 23576
0 5 23630
9 5 23642
0 6 23643
0 8 23644
0 5 23658
0 3 23661
6 3 23693
4 2 23702
2 1 23703
0 7 23709
0 6 23714
0 7 23732
6 3 23737
8 1 23748
0 9 23763
4 3 23765
9 6 23768
0 3 23773
0 4 23775
0 7 23779
0 3 23792
0 7 23793
0 3 23801
0 8 23817
9 8 23820
0 9 23844
0 5 23849
4 3 23858
0 7 23865
6 5 23875
0 7 23878
0 9 23897
8 7 23898
7 6 23906
6 3 23924
0 2 23927
0 2 23955
0 7 23956
2 1 23958
0 3 23961
3 1 23968
0 4 23972
0 3 23980
0 4 23987
5 2 23988
6 5 23989
0 6 23991
9 6 23994
0 2 24012
5 1 24027
9 2 24035
5 2 24042
4 1 24046
0 5 24052
0 7 24059
0 1 24067
0 4 24082
0 6 24085
6 2 24088
0 5 24105
6 5 24109
0 7 24110
9 4 24124
6 2 24138
0 3 24143
0 3 24151
4 3 24166
0 6 24188
0 5 24210
6 2 24218
0 5 24229
7 4 24254
0 9 24263
3 2 24269
0 4 24278
0 4 24281
0 7 24299
6 3 24345
0 4 24346
5 2 24348
0 7 24349
3 2 24351
0 9 24363
6 3 24369
3 1 24370
3 2 24371
0 4 24384
0 9 24387
0 9 24411
0 8 24439
0 7 24455
8 5 24471
0 3 24489
0 8 24493
9 1 24502
0 9 24505
3 2 24516
5 2 24519
0 9 24525
0 7 24527
0 7 24530
4 2 24540
0 5 24541
0 7 24550
0 4 24561
5 3 24564
0 5 24572
7 4 24574
5 1 24590
0 3 24594
0 6 24608
8 6 24611
6 2 24641
4 2 24643
3 1 24658
9 3 24664
0 8 24665
6 2 24669
0 5 24694
0 7 24696
4 2 24697
8 6 24714
0 5 24722
0 1 24723
0 7 24727
0 6 24734
6 2 24743
0 3 24746
3 2 24751
0 9 24753
0 6 24754
3 2 24757
0 8 24763
0 5 24774
0 3 24827
8 6 24829
0 1 24840
0 6 24844
0 3 24861
0 5 24875
0 9 24877
4 1 24895
0 6 24900
0 2 24902
0 7 24910
4 3 24918
7 1 24934
0 2 24939
7 5 24946
2 1 24957
5 3 24969
0 6 24986
2 1 24991
0 5 25006
0 5 25009
0 5 25019
9 6 25021
0 5 25039
6 1 25060
0 4 25063
0 7 25076
7 6 25083
0 9 25097
0 6 25100
0 2 25113
8 1 25117
7 2 25130
0 9 25138
0 5 25151
0 9 25156
0 5 25157
8 2 25159
3 1 25173
8 2 25183
5 3 25207
7 6 25208
0 6 25217
0 1 25222
4 1 25226
0 8 25227
7 2 25246
0 3 25250
0 9 25252
0 1 25290
0 7 25291
9 6 25295
3 2 25305
0 4 25311
3 1 25314
8 7 25324
6 2 25326
0 3 25328
2 1 25334
0 9 25337
0 5 25338
6 3 25351
0 9 25352
0 9 25355
0 8 25362
0 6 25379
0 8 25382
0 6 25383
0 3 25389
6 5 25390
0 3 25418
0 4 25420
5 2 25441
0 3 25445
0 7 25452
5 4 25464
8 1 25483
0 1 25485
0 6 25487
0 6 25503
4 2 25508
5 3 25515
7 5 25520
5 4 25526
0 2 25530
0 8 25533
0 4 25548
0 9 25551
0 8 25563
0 8 25566
8 4 25567
4 2 25575
0 6 25585
7 1 25599
8 2 25602
0 2 25609
7 6 25619
5 4 25624
0 6 25661
0 3 25682
8 6 25709
0 2 25713
9 3 25724
0 1 25735
0 2 25745
2 1 25747
3 2 25751
0 9 25770
8 2 25790
0 6 25802
0 9 25811
2 1 25815
0 6 25819
0 2 25828
6 3 25834
0 7 25842
0 4 25862
0 4 25869
0 2 25872
0 4 25874
0 2 25877
5 3 25883
0 4 25888
4 3 25890
5 1 25896
0 9 25897
3 1 25908
4 2 25920
0 3 25926
0 9 25952
0 4 25953
0 3 25954
0 6 25958
8 5 25963
9 8 25965
0 4 25967
4 1 26022
9 3 26025
0 8 26027
0 9 26040
0 6 26043
0 8 26058
0 4 26060
0 9 26063
3 1 26073
4 1 26074
8 2 26075
4 2 26082
0 8 26088
0 8 26098
4 3 26109
0 5 26119
8 3 26122
0 5 26132
8 3 26147
2 1 26161
0 9 26181
2 1 26185
0 2 26186
0 1 26200
9 6 26202
3 1 26204
0 1 26214
5 2 26215
5 2 26219
8 4 26250
0 3 26252
7 3 26262
9 1 26273
0 5 26274
0 6 26289
9 5 26308
4 2 26309
5 2 26310
0 5 26313
2 1 26316
0 1 26317
0 2 26330
9 4 26333
0 4 26337
0 7 26352
9 6 26361
7 1 26371
0 9 26373
9 2 26390
0 1 26397
0 2 26399
0 9 26418
6 2 26424
0 7 26425
4 3 26440
6 3 26441
0 9 26442
7 4 26456
0 5 26465
9 5 26500
0 5 26511
0 9 26518
0 2 26522
0 6 26559
8 4 26563
0 5 26596
0 6 26609
0 5 26621
0 6 26622
4 2 26625
7 5 26628
9 4 26645
8 3 26654
9 8 26662
0 5 26668
6 5 26672
8 3 26692
0 5 26706
5 1 26710
9 6 26722
8 7 26742
0 6 26750
0 6 26752
4 3 26755
0 7 26764
0 9 26783
4 3 26792
0 7 26844
0 8 26852
2 1 26863
5 3 26880
9 3 26881
0 7 26888
0 4 26895
4 1 26897
5 4 26902
0 5 26905
9 4 26908
0 3 26911
0 6 26924
0 7 26931
0 6 26932
0 2 26938
0 3 26955
0 5 26957
0 5 26962
6 5 26964
3 2 26970
8 4 26981
0 7 26992
0 8 27004
5 1 27008
0 9 27011
0 2 27016
0 8 27023
9 5 27045
7 1 27046
0 1 27049
0 1 27059
0 5 27060
0 5 27061
7 5 27073
5 4 27074
7 4 27076
0 9 27080
5 1 27081
0 8 27084
0 4 27085
3 1 27089
3 1 27093
0 6 27096
3 2 27114
6 2 27118
0 7 27122
0 3 27132
0 5 27140
0 6 27156
5 1 27167
0 4 27173
3 1 27174
9 8 27175
0 4 27197
0 6 27214
0 2 27217
0 6 27218
9 6 27239
0 7 27260
0 3 27286
0 7 27289
8 2 27290
7 5 27291
5 1 27299
9 5 27308
8 3 27316
0 3 27321
7 6 27375
4 3 27376
0 7 27378
0 8 27387
9 6 27404
3 1 27407
4 2 27409
0 3 27411
0 8 27414
0 2 27415
8 3 27418
6 3 27424
0 2 27449
6 3 27458
6 3 27485
0 6 27487
6 1 27511
0 3 27521
0 3 27536
5 1 27538
0 7 27556
9 6 27560
8 2 27596
0 5 27601
0 2 27603
0 3 27608
2 1 27615
0 4 27632
0 1 27633
4 1 27635
0 7 27651
0 7 27652
8 7 27654
0 8 27656
0 6 27665
0 5 27680
8 6 27691
0 2 27707
0 3 27709
0 2 27717
0 8 27718
5 3 27725
7 4 27729
0 1 27732
7 2 27753
0 1 27760
2 1 27764
7 2 27767
8 3 27769
5 3 27775
0 3 27777
2 1 27817
0 1 27835
0 1 27841
0 2 27842
0 4 27850
2 1 27853
9 4 27859
0 9 27867
0 4 27885
5 4 27898
8 6 27905
0 3 27914
0 5 27945
0 4 27955
0 8 27963
8 4 27964
8 2 27974
4 3 27978
0 3 27989
6 3 27998
0 1 28001
0 8 28025
0 2 28028
2 1 28033
9 8 28035
0 3 28051
0 5 28052
0 1 28059
0 6 28073
0 9 28078
3 1 28141
0 4 28144
0 8 28148
0 9 28152
5 4 28166
0 3 28182
0 6 28187
0 8 28188
0 4 28190
8 5 28195
0 7 28200
0 3 28207
0 2 28218
5 3 28232
0 9 28252
0 6 28271
0 8 28278
0 9 28284
0 3 28286
0 3 28310
0 7 28314
6 3 28316
7 4 28318
0 5 28324
0 2 28329
6 2 28335
0 6 28336
0 1 28346
0 9 28348
0 9 28350
3 2 28352
0 8 28371
0 2 28374
7 2 28376
7 2 28378
0 8 28388
0 8 28396
0 6 28399
0 7 28401
0 5 28403
0 7 28408
7 3 28415
0 8 28418
4 2 28423
0 8 28427
0 7 28444
0 3 28452
3 2 28464
9 7 28468
0 3 28471
0 3 28488
0 9 28491
6 5 28494
9 5 28499
6 5 28506
0 5 28515
0 4 28519
8 5 28524
5 4 28544
0 6 28550
0 1 28554
5 1 28555
5 3 28618
7 6 28629
4 3 28632
0 7 28636
0 6 28639
0 6 28655
4 2 28656
9 8 28665
3 2 28672
8 5 28677
2 1 28678
0 8 28679
5 3 28698
0 5 28703
8 2 28714
8 4 28717
4 2 28733
0 2 28747
0 4 28752
0 8 28755
0 1 28777
4 3 28778
0 9 28786
9 2 28787
0 1 28795
0 6 28800
6 4 28803
0 4 28808
6 2 28818
0 1 28831
0 1 28832
5 2 28849
5 4 28850
0 2 28853
0 3 28862
0 2 28865
0 2 28871
0 5 28872
0 6 28894
8 5 28916
6 1 28926
0 6 28947
0 8 28958
8 6 28962
0 1 28971
0 6 28990
7 6 28993
4 2 29003
0 3 29007
6 3 29008
7 1 29035
6 2 29065
7 1 29072
0 4 29077
0 2 29105
6 2 29115
2 1 29121
8 1 29127
0 5 29159
0 5 29161
0 7 29168
0 5 29181
0 4 29184
0 5 29203
0 6 29207
9 4 29210
0 8 29227
0 3 29230
0 2 29232
0 9 29233
4 2 29240
0 6 29247
0 3 29251
8 5 29258
9 3 29280
8 2 29290
0 6 29302
0 5 29323
0 9 29327
0 8 29328
7 5 29337
2 1 29340
0 6 29350
0 6 29368
6 2 29386
0 2 29388
0 1 29392
7 6 29393
8 6 29396
0 6 29398
0 3 29405
0 2 29410
3 2 29425
6 1 29427
0 6 29430
0 2 29433
9 8 29437
0 6 29451
0 8 29460
0 1 29462
0 9 29482
0 6 29511
0 9 29516
0 4 29518
9 2 29520
0 5 29521
6 3 29523
8 1 29543
0 7 29548
6 1 29554
0 1 29563
2 1 29572
0 6 29581
8 2 29587
0 6 29593
0 5 29599
7 2 29602
0 1 29609
6 2 29611
4 1 29626
3 1 29630
6 2 29654
4 1 29659
0 7 29663
4 1 29701
0 4 29717
4 3 29742
0 5 29753
4 1 29758
0 9 29764
0 6 29765
3 2 29767
7 4 29770
0 5 29778
6 1 29809
0 7 29811
0 2 29867
7 4 29873
0 5 29877
0 1 29878
7 2 29898
6 3 29905
9 6 29907
0 3 29910
0 3 29916
0 1 29923
0 2 29924
9 1 29925
0 3 29931
9 4 29956
0 7 29962
0 8 29976
0 6 29984
0 1 29987
0 4 29990
0 5 29991
5 3 29997
0 6 30012
0 2 30013
0 1 30014
0 6 30025
3 1 30033
0 7 30039
0 8 30043
4 3 30048
6 4 30051
0 8 30053
2 1 30056
0 8 30057
0 5 30069
0 9 30092
0 5 30094
9 1 30104
0 9 30108
0 9 30118
8 1 30124
0 1 30131
0 1 30133
0 9 30137
0 7 30152
6 4 30155
0 7 30180
0 4 30187
8 4 30191
0 2 30192
0 1 30196
0 5 30202
0 4 30204
0 8 30207
9 5 30220
0 1 30228
0 4 30234
0 2 30245
0 3 30247
9 2 30252
4 1 30253
5 4 30262
0 2 30265
0 2 30292
0 4 30295
0 7 30312
6 4 30316
4 1 30319
0 1 30321
0 3 30322
8 6 30329
0 8 30333
0 8 30340
2 1 30345
6 5 30359
0 9 30360
0 5 30363
4 3 30366
0 9 30378
6 1 30393
4 2 30406
8 6 30411
7 4 30414
8 3 30419
0 2 30420
4 2 30425
0 1 30427
9 3 30458
0 8 30461
0 4 30476
5 2 30482
9 4 30485
0 9 30489
0 1 30494
8 1 30507
0 8 30512
0 1 30545
0 3 30552
8 1 30576
0 2 30586
0 1 30588
0 6 30593
8 4 30594
0 6 30608
4 3 30614
0 4 30627
0 3 30650
0 8 30669
2 1 30677
0 8 30678
0 2 30707
6 1 30714
0 2 30744
8 6 30745
0 7 30748
0 6 30749
9 8 30754
5 1 30761
0 3 30766
5 2 30795
5 1 30796
0 1 30801
0 5 30803
4 1 30804
0 9 30823
0 9 30826
0 8 30827
7 3 30850
3 2 30857
9 7 30867
6 5 30883
0 4 30891
3 1 30911
0 7 30913
9 1 30920
0 2 30932
6 5 30947
0 3 30953
0 1 30958
0 7 30965
0 6 30973
0 8 30975
6 4 30976
0 1 30994
4 2 30996
7 1 30998
0 9 30999
0 6 31017
0 6 31026
5 1 31031
4 2 31054
0 1 31064
6 1 31077
8 4 31111
0 3 31112
0 8 31145
4 1 31173
0 8 31179
6 5 31181
0 2 31187
0 9 31188
0 7 31197
5 3 31223
0 8 31230
0 7 31269
0 7 31275
0 6 31291
0 4 31293
0 6 31306
0 2 31315
6 5 31327
0 5 31328
4 1 31338
6 1 31367
0 3 31378
7 6 31391
0 4 31405
0 2 31410
0 7 31412
0 5 31421
4 1 31432
7 2 31450
0 7 31452
0 1 31459
8 5 31460
0 6 31461
5 4 31465
0 7 31480
4 2 31488
0 8 31489
6 4 31492
0 6 31520
0 7 31528
6 2 31543
0 8 31545
0 2 31549
0 8 31561
4 2 31569
5 3 31579
0 9 31580
7 5 31586
0 4 31592
3 1 31594
0 5 31605
0 8 31607
0 3 31616
5 2 31617
0 2 31618
0 7 31622
0 6 31623
6 5 31624
6 4 31630
5 2 31632
6 4 31634
3 1 31636
7 5 31650
6 1 31655
6 4 31666
3 2 31669
0 3 31686
8 7 31696
3 2 31697
0 3 31705
0 6 31717
0 1 31722
0 4 31737
0 2 31740
4 1 31743
0 6 31744
0 1 31752
5 1 31754
8 2 31762
0 2 31778
7 2 31796
0 1 31799
6 3 31803
8 1 31806
0 9 31809
0 5 31828
0 9 31831
6 4 31841
7 6 31855
0 3 31879
0 4 31884
0 8 31891
4 1 31897
0 1 31899
5 3 31908
5 3 31913
0 9 31915
2 1 31919
0 7 31925
0 4 31943
7 5 31945
0 6 31946
9 3 31964
3 2 31976
9 7 31978
0 6 31989
6 2 31991
0 4 32021
2 1 32030
6 4 32037
0 2 32056
0 1 32067
0 1 32075
8 2 32081
0 4 32085
0 2 32087
0 1 32088
0 5 32106
0 8 32119
0 5 32123
0 4 32134
0 9 32137
0 8 32142
0 5 32164
0 5 32168
0 8 32174
6 4 32194
3 1 32199
5 4 32200
0 8 32207
0 5 32219
6 2 32231
7 6 32233
2 1 32236
4 3 32246
0 5 32265
0 4 32267
0 5 32273
0 2 32280
0 4 32285
0 1 32294
7 6 32309
0 8 32315
3 1 32317
0 8 32339
0 9 32340
0 4 32343
0 4 32349
9 8 32351
0 9 32358
0 8 32399
0 5 32411
0 7 32412
0 9 32418
0 2 32423
3 2 32439
0 1 32441
4 1 32444
6 2 32452
5 3 32453
0 1 32459
6 1 32470
0 1 32484
8 7 32489
0 1 32501
6 3 32502
0 9 32504
9 7 32518
6 2 32549
0 5 32562
0 8 32567
9 8 32579
0 5 32584
9 3 32593
8 7 32596
8 6 32607
5 4 32610
0 9 32623
0 4 32625
5 4 32628
0 8 32630
0 8 32631
0 8 32648
0 3 32651
0 9 32663
0 4 32671
6 1 32677
0 6 32691
6 1 32694
0 1 32722
0 4 32724
9 8 32730
0 4 32737
7 2 32741
0 5 32743
8 6 32747
0 6 32756
6 5 32760
0 3 32764
0 7 32793
7 2 32800
0 8 32806
0 9 32811
0 7 32818
0 8 32822
0 3 32830
3 2 32835
6 3 32837
0 6 32839
4 1 32842
5 2 32848
0 9 32850
9 4 32854
0 2 32868
8 5 32875
0 4 32895
8 6 32899
6 2 32908
7 5 32914
0 4 32921
0 4 32928
4 3 32956
0 1 32958
0 6 32962
7 2 32966
6 4 32981
2 1 32991
8 7 33003
0 4 33020
9 4 33035
0 9 33036
0 5 33052
0 6 33086
0 5 33093
2 1 33095
0 5 33111
0 8 33114
8 1 33117
9 3 33136
0 5 33140
6 5 33145
0 3 33149
4 1 33172
5 1 33174
0 1 33188
3 2 33192
0 2 33196
3 2 33203
5 1 33212
0 1 33213
9 5 33215
6 2 33229
4 3 33230
9 4 33231
5 2 33234
0 7 33235
5 3 33236
6 4 33287
0 7 33288
5 2 33295
7 1 33297
0 4 33301
6 5 33314
6 1 33347
0 9 33351
5 4 33353
7 3 33362
6 3 33368
4 3 33376
4 1 33378
0 1 33383
7 1 33389
0 1 33394
0 3 33396
0 6 33398
0 3 33400
3 2 33408
8 7 33412
5 4 33422
7 5 33431
0 8 33432
4 2 33433
0 4 33450
0 3 33455
0 4 33459
7 6 33467
2 1 33473
0 7 33474
3 1 33476
9 2 33488
4 2 33493
0 1 33497
0 8 33498
0 2 33504
6 5 33510
3 1 33515
4 3 33520
0 7 33526
2 1 33547
0 2 33554
0 5 33560
3 2 33573
0 9 33579
9 5 33591
6 2 33597
3 1 33606
8 1 33610
0 8 33615
2 1 33632
0 7 33636
0 6 33645
7 4 33674
0 4 33678
0 2 33694
9 3 33715
2 1 33728
0 9 33735
4 1 33743
8 7 33755
0 1 33756
4 2 33763
9 1 33808
0 1 33826
0 7 33828
5 1 33844
0 3 33851
8 1 33855
9 4 33858
6 5 33875
4 1 33878
3 2 33893
5 4 33900
0 5 33903
0 9 33916
8 7 33920
8 4 33921
0 2 33927
0 5 33935
3 2 33943
6 5 33945
5 4 33954
0 1 33956
0 4 33959
4 2 33964
6 2 33973
7 2 33976
7 4 33997
4 2 34013
0 2 34019
0 7 34044
5 4 34050
0 1 34051
9 5 34058
0 6 34072
0 7 34084
0 9 34092
0 3 34093
6 5 34096
0 3 34117
5 1 34122
7 2 34124
5 4 34126
0 6 34140
0 6 34156
0 4 34174
7 3 34180
0 4 34186
0 1 34198
0 8 34210
0 1 34220
2 1 34245
3 2 34259
0 3 34279
0 7 34299
3 2 34322
6 5 34324
9 6 34326
6 1 34340
8 7 34351
6 1 34354
4 1 34389
4 2 34394
5 2 34427
0 4 34431
0 6 34438
0 6 34467
0 4 34471
0 4 34475
8 4 34483
4 3 34487
6 5 34490
0 7 34527
7 5 34547
2 1 34548
0 2 34552
7 3 34553
0 6 34566
0 2 34575
0 9 34579
7 6 34580
0 5 34588
2 1 34597
3 2 34601
0 4 34606
0 6 34608
0 7 34610
2 1 34613
2 1 34617
0 3 34636
0 7 34643
0 4 34657
0 6 34661
9 1 34665
0 4 34666
6 2 34677
6 2 34679
0 3 34695
0 1 34708
8 1 34709
0 4 34722
4 2 34729
0 3 34736
0 3 34743
6 2 34754
7 6 34758
8 5 34770
3 2 34775
0 1 34782
6 4 34785
0 3 34799
9 2 34811
0 9 34815
0 7 34816
7 6 34819
3 1 34823
3 1 34824
0 4 34834
0 9 34850
0 2 34852
0 3 34861
0 8 34864
0 6 34901
0 7 34909
7 5 34920
0 2 34921
3 2 34923
7 3 34927
0 7 34937
9 1 34947
2 1 34962
0 9 34968
6 2 34980
0 5 35002
0 8 35004
4 3 35009
6 5 35014
0 9 35020
0 8 35055
0 8 35059
0 4 35062
0 8 35067
7 6 35078
0 2 35081
5 3 35090
0 9 35101
0 6 35102
0 6 35107
7 3 35119
0 8 35136
0 8 35151
9 3 35157
0 4 35165
9 5 35167
7 4 35169
0 1 35171
0 8 35178
0 8 35183
7 4 35188
0 5 35202
9 7 35219
4 3 35232
0 5 35253
8 2 35259
0 6 35264
0 1 35267
0 4 35292
0 4 35293
2 1 35312
0 8 35322
9 1 35328
9 2 35335
0 5 35358
3 1 35367
0 4 35376
0 4 35390
6 4 35392
6 3 35399
6 5 35414
4 2 35418
8 7 35432
5 3 35441
8 1 35444
7 4 35483
0 1 35500
0 2 35505
0 2 35514
0 8 35531
0 6 35534
0 1 35560
0 3 35561
0 3 35568
0 7 35598
0 7 35609
0 2 35616
0 1 35624
0 6 35656
0 1 35663
5 1 35679
0 4 35683
3 2 35702
6 4 35709
0 2 35711
0 9 35722
0 8 35725
0 2 35726
2 1 35727
4 1 35737
0 4 35738
0 4 35742
0 3 35746
0 7 35759
3 1 35761
0 6 35776
0 6 35789
8 6 35790
3 1 35791
6 1 35797
0 3 35825
9 4 35827
0 8 35840
0 9 35842
8 7 35846
8 5 35856
2 1 35868
0 7 35874
0 3 35877
9 1 35878
6 3 35886
0 9 35891
7 6 35896
7 5 35909
0 1 35918
0 5 35919
0 4 35937
0 9 35945
0 3 35983
0 6 35993
0 1 35997
0 1 36004
0 1 36009
0 1 36013
0 7 36041
5 1 36043
0 8 36048
0 6 36101
7 5 36127
0 6 36128
0 5 36143
0 3 36146
4 2 36147
0 9 36150
0 8 36151
0 2 36154
0 6 36157
4 3 36160
8 1 36161
4 2 36164
8 1 36184
8 2 36191
5 4 36193
3 2 36202
5 4 36213
0 5 36220
0 1 36223
0 2 36228
5 4 36251
0 5 36280
9 5 36282
8 5 36288
9 4 36289
0 7 36298
0 4 36312
8 7 36319
5 2 36325
5 3 36333
0 7 36356
0 6 36368
0 5 36373
9 5 36378
5 4 36404
0 8 36409
8 6 36427
0 7 36433
6 1 36444
5 1 36448
0 2 36457
0 2 36459
0 6 36461
0 7 36476
6 2 36491
5 4 36527
5 3 36536
0 2 36549
4 3 36574
0 1 36609
0 3 36610
0 8 36613
0 8 36617
0 1 36627
4 3 36630
0 7 36642
0 1 36653
4 1 36657
0 8 36662
9 1 36678
6 4 36691
0 9 36701
0 8 36704
0 8 36708
0 3 36717
0 6 36742
3 1 36744
0 9 36748
0 8 36752
8 1 36766
0 4 36786
9 7 36789
6 3 36818
7 5 36829
0 5 36831
0 4 36836
8 7 36840
0 6 36845
9 6 36848
0 1 36859
4 1 36860
9 6 36862
0 8 36877
7 5 36888
3 1 36901
9 7 36919
9 7 36920
8 7 36940
0 8 36943
0 7 36944
9 7 36957
0 1 36968
3 2 36987
0 6 36993
7 2 36996
9 2 36999
0 3 37010
3 2 37013
9 5 37014
0 2 37027
7 5 37039
0 8 37055
0 4 37064
3 2 37071
6 5 37103
0 8 37106
0 5 37109
7 5 37112
0 7 37137
0 9 37142
2 1 37145
8 7 37154
0 2 37167
7 2 37168
0 7 37172
0 5 37174
2 1 37182
0 7 37183
7 3 37188
3 2 37193
0 8 37196
0 4 37199
9 1 37201
4 1 37207
5 2 37208
0 2 37209
4 3 37221
0 7 37256
7 4 37258
9 3 37259
0 1 37276
0 3 37283
0 9 37315
6 1 37331
0 8 37342
5 3 37343
8 2 37344
0 1 37362
0 6 37372
0 8 37397
6 2 37407
5 4 37408
0 8 37429
8 1 37431
3 1 37435
0 7 37439
4 1 37444
0 6 37448
8 6 37485
0 8 37498
0 2 37500
0 7 37504
7 4 37511
0 9 37516
2 1 37522
4 1 37542
0 6 37552
3 2 37558
0 1 37570
9 5 37582
0 8 37585
7 2 37586
0 2 37595
4 3 37604
5 4 37621
2 1 37627
3 1 37632
0 8 37636
0 3 37637
7 2 37639
0 3 37641
0 7 37674
2 1 37676
0 3 37686
0 5 37688
0 8 37692
4 3 37694
0 1 37709
0 3 37721
0 7 37730
0 9 37733
0 3 37739
7 3 37746
8 6 37751
0 2 37757
7 5 37760
3 1 37784
2 1 37798
0 1 37801
2 1 37804
0 4 37819
9 1 37827
2 1 37837
8 2 37852
0 5 37857
5 1 37862
0 2 37875
9 8 37883
5 2 37892
2 1 37913
8 6 37935
3 1 37936
0 4 37938
0 5 37939
0 6 37949
2 1 37950
0 9 37960
4 2 37964
0 9 37965
0 7 37968
0 7 37970
4 2 37972
0 8 37976
0 1 37979
9 6 37993
0 6 37997
0 9 37998
0 4 38004
0 9 38016
0 4 38055
0 5 38094
0 8 38099
3 1 38101
0 3 38112
7 4 38114
8 6 38117
5 3 38132
0 5 38136
6 1 38140
0 3 38148
2 1 38152
0 7 38153
0 2 38154
0 2 38161
0 2 38162
3 2 38168
0 2 38179
0 4 38184
0 6 38185
4 2 38189
0 3 38192
9 3 38215
6 2 38222
0 1 38225
8 6 38226
0 7 38231
0 8 38235
6 4 38246
0 2 38254
6 3 38257
0 2 38277
0 5 38278
4 3 38285
4 3 38290
9 2 38304
0 7 38311
9 2 38323
0 3 38363
5 2 38366
0 6 38380
0 7 38382
0 8 38385
0 3 38386
4 3 38393
0 3 38399
3 1 38424
8 7 38429
0 5 38430
9 1 38432
0 7 38434
7 2 38445
0 6 38456
7 1 38458
0 3 38462
0 7 38464
6 5 38480
0 9 38484
5 2 38485
0 6 38493
0 3 38494
0 9 38498
4 3 38508
0 9 38511
6 4 38521
6 2 38524
9 4 38537
0 6 38538
0 1 38542
0 3 38565
0 7 38585
4 1 38608
0 3 38612
0 6 38617
9 3 38622
9 4 38624
7 1 38636
7 1 38638
0 4 38650
0 5 38665
0 2 38679
4 2 38681
2 1 38706
0 2 38708
9 5 38722
0 1 38726
0 8 38742
7 3 38749
0 1 38757
0 1 38761
0 9 38767
0 3 38778
0 2 38795
0 4 38815
9 6 38825
6 2 38827
0 6 38844
0 4 38854
0 4 38859
0 3 38867
0 4 38868
0 8 38901
0 8 38909
0 9 38923
7 5 38926
8 6 38946
0 7 38949
9 3 38953
0 6 38958
7 3 38961
0 3 38962
2 1 38969
0 4 38970
9 2 38989
0 9 38996
0 4 38999
0 2 39009
0 5 39028
9 3 39045
0 8 39069
0 9 39082
0 8 39091
0 7 39110
2 1 39123
0 8 39127
0 2 39131
0 4 39135
0 3 39147
9 1 39154
8 1 39155
8 6 39167
0 7 39174
9 5 39182
0 2 39193
6 4 39196
4 1 39201
2 1 39206
0 1 39224
0 5 39229
0 6 39231
0 7 39233
0 8 39273
9 5 39285
0 7 39289
9 2 39300
0 8 39351
0 2 39360
0 5 39364
8 2 39372
0 5 39379
9 4 39385
9 4 39395
0 3 39399
9 5 39404
8 2 39409
0 6 39416
0 1 39423
0 9 39433
0 4 39435
6 3 39442
0 6 39459
5 4 39475
6 3 39479
9 8 39491
0 1 39494
9 7 39509
6 5 39512
0 7 39521
7 6 39524
0 1 39528
0 9 39546
0 7 39558
0 9 39564
0 2 39577
6 5 39606
4 3 39607
5 1 39613
0 9 39614
0 6 39619
0 1 39627
0 5 39633
0 2 39637
6 4 39651
5 4 39653
2 1 39657
9 6 39674
0 8 39680
0 5 39690
0 5 39695
0 1 39702
7 5 39711
0 7 39716
0 3 39724
0 8 39729
0 7 39743
0 3 39747
0 2 39757
0 8 39772
5 1 39787
6 5 39794
9 1 39800
0 8 39827
0 6 39845
0 2 39863
8 7 39871
7 5 39876
0 6 39891
0 5 39922
8 6 39926
6 5 39933
0 2 39938
0 1 39941
0 7 39949
9 7 39956
0 2 39968
0 5 39974
0 5 39976
4 2 39978
0 6 39993
8 7 39997
6 3 40000
6 1 40027
9 4 40040
0 3 40042
6 2 40043
0 7 40056
2 1 40080
7 6 40086
5 4 40116
0 2 40139
0 2 40155
5 1 40169
0 6 40174
8 7 40182
0 2 40187
0 2 40208
0 1 40211
0 6 40228
9 5 40236
0 4 40248
6 5 40252
5 2 40254
0 2 40260
0 4 40263
0 2 40277
0 6 40282
0 4 40299
0 2 40302
7 1 40309
0 3 40321
0 2 40330
7 6 40334
0 7 40354
0 1 40364
7 5 40381
0 7 40394
0 3 40395
7 5 40410
0 1 40446
0 1 40447
0 5 40454
0 6 40478
0 9 40489
9 2 40500
4 2 40501
0 8 40508
9 5 40512
6 5 40526
0 6 40534
0 3 40564
0 9 40569
4 1 40585
0 9 40588
4 2 40634
3 1 40635
7 4 40649
5 1 40651
0 4 40653
0 7 40665
7 2 40668
0 6 40671
0 8 40672
7 4 40678
0 7 40679
7 1 40700
9 3 40710
7 2 40713
7 3 40714
9 5 40739
0 2 40753
5 2 40758
0 4 40774
5 2 40803
0 6 40828
0 3 40837
2 1 40839
0 4 40842
5 4 40855
0 8 40858
0 1 40860
0 1 40866
9 2 40874
7 1 40877
9 6 40879
9 5 40882
5 2 40886
2 1 40896
3 2 40907
0 1 40919
5 3 40929
0 2 40931
0 9 40939
0 1 40947
0 4 40949
0 9 40962
0 5 40964
6 4 40968
0 4 40991
0 7 40994
0 6 41010
4 3 41013
0 2 41014
0 6 41017
4 1 41020
0 2 41038
6 3 41039
5 2 41047
0 9 41052
3 2 41060
5 2 41073
4 3 41076
0 4 41077
8 7 41104
0 2 41108
0 8 41112
0 4 41117
0 9 41118
6 3 41122
0 3 41124
0 2 41129
0 2 41134
2 1 41137
0 8 41150
8 2 41166
9 8 41169
4 3 41174
0 1 41175
0 8 41177
6 5 41191
0 6 41193
2 1 41194
7 2 41217
0 3 41222
6 2 41227
0 3 41239
0 6 41244
9 6 41261
7 6 41273
0 6 41281
5 2 41284
7 2 41287
5 2 41292
4 2 41298
0 1 41300
5 3 41307
0 1 41336
2 1 41347
0 5 41348
0 8 41361
8 1 41380
0 7 41386
0 4 41392
0 9 41393
0 9 41405
0 1 41423
0 8 41436
9 8 41438
0 8 41442
0 4 41444
0 3 41446
0 7 41449
0 6 41467
0 2 41473
0 2 41474
0 8 41483
0 5 41489
3 2 41491
6 1 41501
7 4 41513
0 1 41523
6 5 41526
6 5 41527
0 9 41533
5 4 41539
8 7 41542
0 1 41553
7 3 41555
0 1 41558
0 3 41569
4 3 41576
9 2 41581
0 6 41609
0 3 41611
0 1 41619
0 8 41624
0 8 41625
4 2 41637
3 2 41638
0 3 41643
6 2 41651
0 3 41658
0 9 41666
0 8 41679
6 1 41688
0 9 41697
0 8 41698
0 9 41708
5 1 41711
0 4 41715
0 4 41716
6 5 41731
0 7 41734
6 3 41737
8 5 41747
0 9 41753
0 6 41757
0 8 41759
0 4 41764
0 8 41770
0 3 41779
0 7 41807
5 1 41815
7 6 41841
0 1 41847
4 2 41848
0 2 41849
9 2 41862
0 6 41863
4 3 41875
3 1 41882
8 1 41892
6 1 41896
7 2 41917
8 3 41927
0 1 41933
4 3 41948
0 1 41949
6 2 41952
0 7 41953
8 6 41954
0 1 41959
5 3 41969
0 2 41972
0 8 42004
6 3 42017
0 3 42023
5 4 42024
0 4 42033
0 2 42036
0 1 42045
2 1 42058
0 4 42060
7 1 42062
0 2 42068
4 1 42074
7 2 42075
2 1 42077
0 4 42086
6 1 42096
3 2 42106
0 3 42114
5 1 42115
0 8 42123
6 3 42132
6 1 42134
0 5 42147
8 4 42148
0 3 42156
0 4 42167
0 1 42172
0 6 42179
5 2 42181
0 4 42194
6 5 42203
0 3 42212
5 4 42235
0 7 42237
0 9 42242
0 3 42259
0 1 42262
0 8 42264
0 3 42265
0 4 42271
0 7 42323
0 2 42331
9 5 42335
0 5 42339
0 5 42347
0 6 42353
8 3 42369
0 6 42378
0 7 42384
9 6 42387
0 1 42395
4 2 42401
7 3 42417
0 7 42419
7 3 42433
0 8 42448
2 1 42449
0 8 42457
0 2 42466
0 4 42467
0 4 42478
0 2 42491
0 8 42500
0 4 42512
0 3 42523
0 8 42534
0 8 42543
0 7 42545
4 3 42550
0 1 42554
0 8 42555
6 1 42557
8 7 42559
0 3 42563
6 1 42564
0 2 42570
9 2 42574
0 8 42582
0 4 42589
0 1 42603
6 4 42618
0 5 42636
2 1 42649
5 3 42654
0 6 42656
0 8 42671
0 8 42684
6 4 42687
0 2 42694
9 6 42695
0 7 42702
0 5 42711
0 3 42722
0 6 42724
2 1 42738
0 1 42745
0 1 42748
6 2 42752
0 8 42775
0 4 42797
9 3 42819
3 1 42822
7 6 42830
0 4 42835
0 7 42854
6 1 42869
6 5 42879
0 8 42889
7 5 42901
7 4 42904
0 3 42907
3 1 42910
0 1 42915
0 2 42922
8 5 42958
0 4 42962
0 1 42970
0 7 42973
0 7 42986
0 2 43009
8 3 43037
0 4 43039
0 9 43047
9 8 43051
0 2 43057
8 5 43060
0 2 43065
0 7 43066
0 3 43077
3 1 43080
6 3 43100
0 4 43101
0 4 43102
0 6 43104
0 8 43106
0 8 43122
0 9 43133
5 2 43147
0 2 43149
0 7 43151
0 2 43165
2 1 43188
0 9 43192
7 2 43197
0 3 43203
0 9 43213
5 1 43214
0 9 43226
0 9 43242
0 1 43245
0 9 43252
0 8 43260
8 2 43264
4 3 43266
0 2 43270
8 4 43290
7 5 43300
0 3 43332
0 5 43339
5 2 43348
0 3 43354
4 2 43358
0 3 43364
6 1 43379
0 7 43382
6 5 43387
8 2 43399
0 2 43401
6 5 43416
0 5 43418
0 1 43426
0 7 43428
2 1 43441
0 2 43453
7 4 43458
0 2 43475
0 3 43484
0 6 43497
5 4 43502
0 3 43505
0 8 43509
8 4 43525
3 1 43536
9 5 43546
4 2 43554
0 5 43564
0 7 43568
0 7 43577
0 6 43590
0 2 43592
6 4 43604
0 4 43607
0 7 43609
0 5 43639
0 9 43641
0 2 43664
9 4 43670
0 5 43672
0 4 43675
0 3 43677
0 4 43678
0 8 43688
0 4 43689
0 1 43722
0 3 43754
0 4 43764
5 2 43768
0 3 43784
2 1 43788
0 8 43809
3 1 43816
4 2 43817
0 4 43831
9 5 43833
8 2 43837
8 1 43844
0 2 43851
0 3 43858
0 7 43861
0 4 43870
4 3 43884
0 8 43886
2 1 43894
9 2 43904
9 3 43909
5 2 43922
0 7 43937
6 2 43938
5 2 43942
0 6 43966
3 1 43969
4 3 43982
0 6 43994
0 3 43999
0 4 44007
0 6 44008
7 3 44016
0 7 44018
0 8 44020
8 5 44022
0 6 44025
0 7 44027
0 6 44034
0 2 44036
0 1 44040
7 6 44050
0 6 44054
0 9 44064
0 3 44066
0 3 44069
8 3 44070
0 9 44079
0 6 44081
9 1 44082
0 5 44100
3 2 44102
5 3 44136
0 9 44154
0 7 44163
0 5 44175
0 6 44176
8 4 44177
8 5 44189
0 2 44196
8 5 44215
0 8 44232
2 1 44236
9 1 44237
3 1 44253
0 2 44255
0 7 44256
0 9 44257
9 4 44260
3 1 44261
0 8 44262
0 1 44265
6 3 44268
0 5 44280
0 6 44288
7 1 44298
5 3 44300
0 3 44301
0 7 44314
0 1 44316
8 2 44321
5 3 44324
9 8 44327
8 3 44330
2 1 44344
0 7 44356
0 8 44363
8 6 44391
0 9 44395
5 2 44402
8 1 44410
0 6 44412
5 3 44416
4 3 44418
0 6 44422
0 8 44431
0 5 44433
0 6 44467
7 4 44474
0 7 44484
0 2 44529
8 7 44546
0 9 44547
0 6 44562
0 7 44564
0 5 44568
0 7 44571
0 6 44575
0 3 44584
7 5 44590
0 3 44593
3 2 44594
0 6 44597
3 2 44606
0 7 44612
0 7 44614
0 4 44629
0 2 44634
0 4 44637
4 2 44638
0 5 44640
0 7 44647
8 7 44660
0 8 44661
0 9 44666
6 2 44668
0 1 44669
0 8 44673
7 2 44675
0 5 44682
4 3 44686
7 2 44697
0 9 44702
0 5 44718
0 1 44728
0 3 44732
3 1 44740
0 6 44741
4 2 44757
0 6 44765
4 2 44769
0 4 44774
0 6 44775
6 2 44787
0 9 44790
0 7 44797
0 9 44813
0 9 44830
6 4 44831
0 7 44839
2 1 44847
5 1 44851
9 8 44852
4 2 44879
0 1 44883
0 5 44892
3 2 44894
0 3 44904
0 3 44905
0 2 44911
7 2 44923
8 6 44927
0 1 44965
0 6 44974
0 5 44978
0 4 44980
0 5 44982
0 3 44986
0 9 44991
0 2 45007
0 3 45025
3 2 45027
0 6 45031
0 6 45032
0 9 45037
0 9 45046
9 2 45050
0 9 45062
0 3 45066
0 3 45077
0 1 45078
0 1 45082
9 8 45083
0 6 45102
0 2 45119
3 2 45121
9 2 45125
2 1 45127
0 6 45146
0 1 45148
7 5 45163
6 4 45172
5 4 45174
4 1 45176
0 2 45186
0 8 45193
0 7 45199
0 5 45201
4 2 45217
8 6 45223
0 9 45230
9 1 45245
0 6 45254
0 1 45255
7 2 45258
7 4 45267
5 4 45268
0 5 45275
0 8 45278
0 3 45290
9 2 45316
0 9 45317
0 4 45318
0 9 45319
0 1 45320
0 3 45340
4 1 45358
0 1 45366
5 3 45377
0 7 45384
0 2 45392
0 4 45395
5 2 45396
0 1 45405
2 1 45406
5 4 45408
0 1 45426
0 5 45431
5 1 45441
7 4 45450
5 1 45460
0 1 45463
6 5 45477
0 1 45478
6 5 45480
0 2 45481
0 3 45499
0 2 45502
9 7 45517
0 3 45521
5 2 45524
2 1 45530
0 4 45545
0 8 45548
0 5 45554
0 9 45565
0 5 45569
0 8 45573
0 2 45577
0 1 45579
0 4 45581
0 1 45585
6 2 45599
0 2 45614
0 1 45623
6 3 45638
0 5 45647
0 9 45655
0 5 45662
9 7 45676
0 8 45686
7 5 45699
0 6 45720
9 3 45751
3 2 45775
4 3 45779
0 8 45781
0 6 45783
9 5 45784
0 5 45792
5 3 45799
2 1 45818
0 5 45822
4 2 45838
2 1 45849
0 3 45860
0 9 45863
5 1 45889
8 6 45892
9 7 45895
0 3 45896
4 3 45901
0 1 45909
4 2 45913
0 6 45917
7 4 45920
0 9 45923
0 2 45931
8 2 45946
0 4 45951
0 9 45957
6 1 45979
0 9 45984
0 6 45993
0 6 45996
0 8 46011
0 6 46019
5 4 46028
0 5 46033
0 7 46035
0 3 46109
0 1 46116
0 3 46122
5 1 46132
0 4 46142
0 1 46148
5 4 46164
2 1 46182
0 5 46183
9 3 46187
0 7 46202
7 6 46204
9 8 46219
4 2 46222
4 3 46236
9 3 46240
0 9 46241
9 7 46243
0 8 46248
0 5 46251
7 4 46252
0 1 46257
7 4 46261
0 3 46272
0 9 46285
0 2 46298
0 8 46312
6 4 46318
0 4 46320
0 1 46330
2 1 46337
8 4 46351
6 1 46361
2 1 46369
0 2 46375
2 1 46395
4 2 46408
3 2 46416
8 6 46435
9 7 46453
0 3 46455
0 8 46468
7 4 46470
0 6 46473
8 5 46474
5 3 46521
0 4 46533
0 8 46535
0 2 46537
0 1 46553
3 1 46555
8 7 46560
3 2 46564
8 2 46573
0 1 46574
4 1 46588
9 8 46593
4 2 46597
5 2 46602
8 3 46604
0 8 46605
4 3 46636
6 2 46662
0 8 46671
7 1 46674
0 5 46688
3 2 46689
0 4 46694
0 5 46708
0 8 46722
0 5 46724
0 1 46730
7 2 46745
0 4 46760
5 2 46761
0 6 46766
0 1 46769
0 2 46771
0 4 46777
3 1 46794
7 1 46799
0 6 46801
8 3 46802
3 1 46803
7 2 46807
9 6 46814
8 1 46817
0 5 46822
2 1 46826
0 6 46827
0 4 46832
0 7 46834
0 7 46841
0 7 46851
8 1 46857
0 7 46876
0 6 46886
0 4 46894
0 3 46901
0 7 46914
0 3 46922
0 8 46933
5 4 46935
0 6 46937
0 5 46939
0 1 46943
0 6 46945
9 6 46955
6 1 46958
4 3 46959
0 8 46987
0 9 46989
4 2 46993
0 3 47000
3 1 47003
0 1 47021
6 4 47028
4 2 47041
0 7 47050
0 7 47052
6 2 47055
0 2 47063
0 2 47065
0 3 47102
8 2 47113
2 1 47124
8 5 47137
0 4 47159
0 9 47160
0 7 47162
0 9 47177
5 3 47183
8 5 47197
9 3 47200
0 9 47207
4 2 47209
3 2 47212
0 5 47223
0 9 47236
0 8 47237
0 6 47243
7 2 47246
6 2 47249
0 3 47272
0 2 47279
0 4 47280
9 8 47300
0 7 47305
7 4 47312
0 4 47328
0 4 47340
6 5 47343
8 6 47346
0 8 47352
0 6 47358
6 3 47370
0 2 47377
0 8 47378
7 1 47380
0 8 47382
3 2 47423
7 4 47424
0 8 47442
4 3 47443
9 5 47455
2 1 47475
0 8 47489
0 7 47500
0 6 47506
0 9 47517
2 1 47520
4 1 47537
0 3 47565
0 2 47568
0 2 47571
0 3 47578
0 3 47579
0 5 47583
0 4 47590
0 2 47601
0 2 47625
8 7 47626
0 1 47629
7 2 47653
0 3 47654
9 2 47656
4 3 47659
0 6 47667
0 3 47670
0 2 47685
0 5 47686
0 9 47698
9 7 47703
6 4 47704
0 6 47713
0 1 47725
0 5 47729
0 4 47736
0 8 47740
0 4 47741
6 5 47765
0 1 47768
0 9 47791
8 5 47799
0 9 47812
0 7 47852
0 9 47853
0 4 47857
8 1 47861
0 3 47865
0 4 47870
2 1 47892
0 5 47896
0 3 47898
0 1 47916
9 5 47917
3 1 47924
6 5 47926
3 1 47931
8 2 47934
0 9 47950
0 4 47951
5 2 47958
0 7 47959
0 8 47962
0 3 47968
0 6 47972
5 1 47976
0 6 47984
0 1 47991
0 1 47992
0 5 47996
9 8 48004
9 5 48007
0 4 48019
0 4 48020
5 2 48026
0 7 48030
9 1 48045
9 3 48071
4 2 48081
0 7 48082
0 2 48088
6 3 48096
0 9 48111
7 4 48113
0 2 48161
6 3 48166
9 8 48167
0 9 48169
0 2 48177
0 8 48191
0 2 48195
0 7 48205
3 2 48207
0 9 48218
4 3 48228
0 4 48229
0 7 48230
0 6 48231
7 3 48241
0 6 48260
0 7 48272
8 6 48279
6 4 48280
0 3 48285
0 1 48287
0 6 48297
0 7 48300
0 7 48310
5 3 48319
0 7 48339
7 3 48343
0 5 48348
8 5 48352
0 2 48362
0 1 48369
0 8 48377
0 9 48378
4 1 48379
0 3 48387
0 1 48395
5 1 48409
0 8 48418
0 5 48434
7 6 48438
0 6 48447
0 7 48454
8 4 48456
2 1 48457
8 1 48471
3 1 48488
0 8 48490
0 6 48491
0 9 48511
0 5 48530
4 1 48540
0 1 48548
0 7 48550
0 8 48555
0 4 48568
0 7 48573
0 5 48579
5 4 48580
0 5 48594
0 3 48604
5 3 48615
0 5 48619
3 2 48621
0 7 48622
9 6 48623
0 5 48626
6 3 48632
0 1 48639
0 5 48659
0 1 48660
0 8 48664
0 6 48668
0 9 48673
3 1 48678
0 1 48689
4 3 48698
0 6 48699
5 1 48702
0 7 48759
0 1 48764
9 6 48766
0 8 48772
5 4 48775
0 7 48790
0 7 48793
0 8 48795
0 7 48798
0 8 48801
2 1 48806
8 7 48812
0 7 48817
0 4 48818
4 3 48834
0 3 48843
0 1 48854
7 2 48856
0 1 48873
3 2 48874
0 3 48878
0 3 48895
5 1 48906
8 7 48910
0 6 48914
9 2 48925
9 8 48926
0 9 48935
8 2 48946
5 3 48966
0 9 48967
7 6 48975
9 4 48979
0 9 49017
8 3 49021
0 4 49038
6 3 49075
3 1 49082
0 6 49083
0 6 49089
0 4 49103
0 3 49116
0 2 49117
0 8 49126
2 1 49146
0 7 49148
8 2 49151
4 3 49154
0 3 49157
2 1 49158
0 5 49166
0 6 49172
7 3 49179
0 8 49180
0 4 49182
5 2 49191
6 4 49199
0 7 49217
0 1 49223
0 4 49224
9 8 49241
5 4 49246
8 2 49260
0 7 49269
0 5 49271
9 4 49284
0 7 49295
9 6 49296
2 1 49302
0 5 49308
4 2 49310
0 7 49340
7 6 49343
0 7 49344
0 9 49345
0 7 49347
8 5 49352
6 5 49369
0 9 49373
6 4 49378
0 5 49382
0 4 49392
8 2 49402
0 6 49416
4 3 49419
0 3 49430
0 1 49458
4 1 49464
0 9 49475
7 4 49504
0 6 49506
6 3 49511
0 3 49520
8 6 49529
0 4 49532
9 7 49543
0 4 49557
0 6 49566
0 1 49572
6 4 49584
2 1 49607
0 6 49638
0 6 49640
0 4 49645
7 2 49654
7 1 49663
0 5 49667
5 4 49670
0 8 49675
0 6 49687
9 8 49698
3 2 49700
0 3 49702
0 9 49716
0 9 49725
0 4 49737
0 4 49745
0 6 49760
7 4 49762
0 1 49776
0 4 49784
0 4 49801
0 8 49804
0 4 49809
0 6 49812
0 4 49827
8 1 49831
0 3 49847
0 1 49855
5 1 49858
0 7 49867
0 8 49878
0 6 49887
9 5 49892
0 7 49909
0 3 49910
0 6 49920
0 1 49929
0 9 49935
6 1 49948
8 3 49949
5 3 49958
0 6 49992
0 5 50000
0 4 50010
8 5 50015
5 2 50058
0 5 50069
0 1 50070
6 5 50082
0 8 50095
2 1 50096
6 1 50102
3 2 50108
0 3 50117
6 5 50135
5 3 50139
8 3 50145
8 2 50149
5 3 50150
0 9 50161
2 1 50186
0 2 50196
4 2 50198
0 5 50204
0 3 50219
0 7 50220
7 4 50232
0 7 50234
4 3 50271
3 1 50275
8 6 50281
0 4 50287
0 7 50291
0 6 50302
0 1 50304
6 2 50306
8 2 50311
7 6 50312
8 6 50316
0 5 50342
6 5 50358
0 5 50365
0 5 50371
8 6 50378
0 5 50391
0 8 50396
4 1 50400
2 1 50402
0 6 50412
0 9 50421
0 8 50444
0 1 50447
0 5 50491
0 6 50492
8 6 50501
0 2 50507
0 2 50517
0 8 50518
0 6 50523
4 3 50529
7 2 50532
0 3 50537
0 9 50545
8 5 50546
6 4 50547
0 1 50563
8 6 50581
0 6 50584
4 3 50604
0 4 50616
0 3 50622
0 5 50628
9 3 50643
0 3 50648
7 2 50660
7 3 50671
0 8 50672
3 2 50678
0 4 50690
3 2 50692
0 1 50694
0 4 50695
0 5 50704
9 3 50723
0 1 50735
0 5 50739
0 2 50741
0 7 50744
9 6 50749
0 9 50756
0 8 50764
4 1 50771
0 7 50772
0 3 50784
0 9 50789
4 1 50792
0 4 50803
0 8 50811
0 9 50819
0 9 50822
0 7 50829
0 4 50831
6 1 50835
0 9 50836
0 3 50839
7 2 50850
4 3 50852
0 7 50863
5 4 50865
0 2 50866
5 3 50874
0 6 50875
6 3 50882
4 1 50902
7 6 50907
0 1 50914
7 4 50916
3 1 50930
0 7 50933
0 9 50946
0 4 50957
6 5 50962
4 3 50963
9 1 50974
0 9 50981
0 1 50982
0 6 50984
0 7 50992
0 5 50996
0 3 50997
0 2 50999
0 4 51012
0 5 51021
7 5 51023
0 1 51031
0 8 51037
0 2 51039
4 2 51042
0 8 51054
0 8 51081
0 1 51087
0 3 51097
0 3 51104
0 2 51105
0 3 51117
0 9 51120
8 2 51136
0 8 51138
0 3 51144
0 3 51145
4 2 51149
0 9 51160
0 8 51163
0 8 51167
5 4 51169
4 1 51171
7 6 51178
6 5 51179
0 1 51205
4 2 51232
0 1 51248
0 5 51261
2 1 51270
0 6 51282
6 1 51286
0 1 51287
0 6 51288
0 2 51301
6 2 51304
5 2 51308
8 3 51316
0 4 51318
0 2 51325
6 3 51328
9 2 51344
9 8 51354
0 1 51401
7 1 51402
0 3 51436
3 2 51448
0 3 51458
7 1 51466
0 4 51467
0 1 51473
0 9 51489
0 7 51501
0 5 51505
3 2 51513
0 5 51514
7 6 51526
0 8 51549
6 5 51554
5 2 51562
3 2 51568
5 3 51572
8 5 51590
0 1 51593
0 5 51609
0 6 51613
0 4 51614
8 7 51616
0 4 51630
0 8 51634
8 6 51641
5 3 51647
0 6 51650
8 5 51659
0 2 51662
0 4 51672
0 4 51689
0 2 51710
0 9 51726
0 9 51736
0 1 51738
9 6 51750
9 8 51758
0 7 51761
4 1 51762
0 4 51789
0 8 51796
5 4 51805
3 2 51810
0 1 51814
0 6 51821
9 7 51829
6 5 51832
0 6 51838
6 5 51849
2 1 51886
5 2 51888
0 8 51909
9 7 51911
7 6 51914
0 7 51920
0 9 51926
0 1 51932
7 4 51962
5 4 51970
9 2 51979
9 1 51987
9 4 51995
8 3 52001
0 6 52011
0 1 52024
0 7 52025
2 1 52032
0 2 52051
2 1 52062
5 2 52066
0 6 52072
0 8 52073
0 6 52074
0 1 52076
0 1 52088
0 2 52107
0 1 52133
0 1 52138
6 1 52142
0 7 52149
0 7 52151
4 2 52162
3 1 52185
0 3 52202
0 8 52206
8 3 52210
0 3 52221
0 2 52222
3 2 52223
6 3 52224
2 1 52233
0 7 52235
0 1 52237
0 9 52244
0 8 52247
7 6 52251
7 1 52264
0 1 52276
0 3 52287
0 8 52289
9 5 52294
0 2 52301
2 1 52327
6 2 52338
3 2 52341
0 6 52349
0 6 52350
0 8 52351
6 3 52355
0 6 52364
8 4 52367
0 7 52375
8 3 52376
0 8 52379
0 5 52386
9 1 52390
0 7 52395
0 8 52403
6 1 52418
0 4 52427
0 8 52436
0 2 52442
0 1 52446
0 1 52447
0 7 52460
0 8 52468
0 8 52471
6 5 52490
0 2 52501
8 3 52509
4 2 52515
2 1 52520
7 4 52523
7 6 52526
2 1 52555
0 1 52564
0 6 52566
0 8 52570
6 4 52577
0 5 52585
0 1 52586
5 4 52587
0 3 52608
0 3 52614
9 2 52628
0 5 52631
4 2 52635
0 1 52638
0 7 52645
0 4 52653
8 1 52664
0 8 52666
0 8 52693
0 4 52699
8 6 52706
7 6 52730
0 7 52732
0 6 52742
9 1 52786
0 7 52798
2 1 52800
6 1 52801
0 1 52825
7 4 52830
5 1 52831
5 4 52865
9 4 52884
0 2 52888
7 6 52892
0 7 52894
2 1 52899
6 5 52916
4 2 52921
0 7 52922
0 8 52940
0 3 52952
0 6 52962
0 9 52967
0 2 52978
3 1 52988
0 9 52999
0 6 53004
0 6 53012
3 2 53014
8 6 53023
0 5 53033
0 6 53036
0 3 53043
9 6 53053
0 6 53070
0 2 53098
0 3 53112
8 7 53123
0 3 53127
0 8 53135
7 3 53145
0 3 53147
7 1 53150
5 1 53155
0 9 53159
0 1 53170
0 9 53174
7 1 53184
5 3 53189
2 1 53193
0 2 53195
0 4 53203
8 5 53210
7 2 53213
0 7 53214
6 5 53219
4 1 53223
0 9 53231
7 2 53238
4 1 53242
0 2 53255
0 7 53258
9 1 53260
0 8 53279
6 2 53286
0 5 53287
6 5 53289
0 7 53300
0 7 53302
4 3 53309
0 8 53343
8 6 53345
0 7 53346
4 3 53349
0 9 53352
0 2 53355
3 1 53357
4 2 53361
3 1 53364
8 5 53367
0 8 53369
5 4 53370
0 7 53395
0 6 53405
5 1 53407
0 2 53419
9 5 53442
0 2 53454
6 4 53458
0 3 53459
0 2 53464
8 1 53468
9 3 53477
2 1 53495
7 4 53502
0 5 53543
6 5 53546
0 8 53555
9 2 53558
7 1 53559
0 4 53561
0 1 53571
8 3 53580
0 6 53581
0 1 53583
0 6 53604
5 2 53607
6 5 53632
3 2 53638
4 2 53665
0 2 53684
0 1 53687
9 6 53688
0 5 53720
0 8 53727
0 2 53739
3 2 53758
3 2 53776
2 1 53778
3 1 53782
0 2 53806
0 4 53816
5 3 53826
7 3 53832
9 4 53853
0 5 53866
0 5 53878
6 5 53888
0 1 53893
0 6 53899
2 1 53901
0 5 53904
5 1 53911
8 1 53914
0 5 53915
0 6 53939
0 3 53943
0 6 53944
4 2 53957
0 4 53962
0 6 53967
0 3 53968
2 1 53974
4 2 53975
7 4 53989
0 4 54003
0 3 54006
7 2 54010
0 2 54016
0 2 54037
0 4 54043
3 1 54047
0 6 54050
0 1 54056
0 3 54059
9 4 54068
7 1 54083
7 2 54091
8 3 54092
4 2 54094
2 1 54102
7 2 54109
0 7 54116
6 4 54119
0 5 54126
0 6 54132
8 2 54133
3 2 54137
4 3 54140
7 3 54165
0 7 54172
0 5 54185
9 8 54187
6 2 54190
0 2 54200
0 9 54208
9 8 54209
0 4 54211
0 7 54224
5 2 54232
5 3 54238
0 1 54252
0 7 54258
0 9 54267
5 4 54349
0 8 54351
0 9 54360
7 6 54370
0 1 54373
6 3 54379
8 6 54385
6 2 54391
6 4 54396
8 4 54402
0 7 54410
6 2 54416
5 4 54440
0 5 54444
0 1 54453
0 2 54461
0 1 54469
0 9 54479
0 4 54493
0 8 54497
6 5 54502
7 2 54507
5 2 54511
9 8 54521
8 3 54523
4 2 54528
0 7 54532
4 1 54537
9 3 54554
8 7 54555
6 3 54571
0 2 54578
7 5 54593
9 6 54599
3 2 54613
3 2 54617
0 3 54633
0 9 54645
0 7 54652
0 3 54655
0 2 54670
7 3 54672
0 8 54700
0 2 54716
5 4 54724
4 3 54728
0 2 54740
0 7 54743
0 3 54748
0 1 54765
0 6 54776
0 1 54784
0 3 54801
0 1 54802
0 2 54803
0 8 54810
0 1 54821
5 1 54832
0 3 54839
0 8 54876
6 1 54891
2 1 54894
2 1 54895
5 4 54904
6 1 54917
0 6 54939
0 9 54959
3 1 54962
5 2 54975
0 6 54991
0 9 54997
8 7 55034
8 7 55038
0 4 55041
6 3 55045
8 1 55047
0 5 55055
0 5 55064
0 5 55075
9 5 55083
0 8 55085
0 7 55094
0 6 55128
0 1 55132
0 8 55138
0 9 55144
8 2 55145
0 5 55150
2 1 55153
0 6 55156
0 7 55162
0 9 55167
3 1 55169
0 3 55174
6 3 55178
9 4 55191
7 3 55194
5 1 55195
0 6 55201
3 2 55211
7 6 55218
0 2 55225
0 2 55227
0 4 55240
9 1 55253
9 3 55261
0 9 55274
0 6 55279
6 2 55284
3 2 55298
0 4 55299
6 1 55317
0 5 55354
6 5 55380
0 3 55383
6 2 55387
9 3 55394
7 6 55415
6 4 55421
0 7 55429
0 9 55479
6 4 55480
9 8 55493
2 1 55504
4 3 55510
6 3 55512
7 5 55516
0 2 55520
0 6 55546
0 5 55548
0 3 55551
4 2 55552
0 1 55563
0 7 55574
3 2 55579
8 2 55585
0 6 55589
0 3 55604
0 8 55606
9 4 55615
0 5 55616
7 1 55633
0 3 55645
2 1 55677
0 6 55684
9 6 55685
0 3 55691
0 4 55707
0 8 55710
5 4 55727
0 6 55729
9 2 55737
8 7 55739
0 2 55740
0 1 55746
0 1 55748
0 9 55755
0 4 55769
0 6 55770
8 3 55776
0 1 55794
0 3 55810
5 4 55815
0 3 55819
0 4 55834
2 1 55839
0 2 55841
0 2 55864
0 2 55872
0 2 55882
0 6 55900
0 4 55903
5 3 55904
0 1 55923
0 9 55928
6 3 55929
9 2 55938
0 1 55945
8 1 55948
0 8 55954
6 2 55974
0 7 55976
0 4 55979
0 4 55996
4 3 56007
0 2 56015
9 8 56019
0 5 56021
0 2 56028
4 3 56036
9 6 56040
0 9 56046
4 3 56052
0 3 56057
0 8 56061
5 4 56062
0 4 56069
0 9 56074
7 2 56077
0 8 56078
0 9 56092
0 1 56102
8 5 56111
0 9 56113
8 5 56132
0 9 56139
8 7 56152
2 1 56172
5 2 56174
0 9 56175
6 4 56200
7 6 56202
7 6 56209
0 1 56226
0 8 56235
7 6 56243
0 1 56251
0 6 56262
0 6 56282
7 4 56308
9 2 56316
0 5 56319
8 2 56328
0 7 56329
9 6 56335
9 4 56340
9 2 56383
0 7 56390
0 1 56392
0 8 56419
0 6 56422
6 1 56451
4 2 56460
0 1 56463
0 3 56465
4 1 56475
2 1 56484
3 2 56486
0 6 56488
0 3 56492
6 1 56502
5 3 56511
0 5 56518
0 3 56523
9 7 56525
0 7 56539
0 7 56553
0 2 56556
0 9 56577
3 1 56586
0 5 56589
0 7 56597
9 7 56598
0 3 56611
0 6 56620
6 5 56664
7 3 56673
3 2 56678
0 7 56680
0 9 56697
9 5 56714
0 7 56733
8 2 56742
0 8 56762
4 1 56769
0 5 56770
4 3 56779
0 4 56793
3 1 56831
0 8 56839
0 7 56844
0 1 56855
7 2 56870
0 1 56873
6 5 56876
0 9 56885
6 4 56888
0 2 56916
0 3 56919
0 6 56941
6 2 56942
2 1 56963
7 2 56966
0 9 56970
9 8 56987
0 8 57006
8 2 57010
0 2 57037
2 1 57043
0 3 57067
9 5 57075
7 1 57098
0 4 57110
7 2 57113
2 1 57122
0 7 57130
7 5 57131
6 1 57136
0 3 57139
8 5 57142
0 2 57154
0 8 57161
0 3 57166
7 4 57189
0 7 57196
0 2 57202
9 5 57205
8 2 57212
4 2 57214
0 2 57216
0 8 57217
0 7 57225
0 5 57262
0 2 57267
0 8 57284
0 6 57294
0 7 57299
0 7 57306
4 1 57313
0 5 57318
0 9 57328
0 7 57331
0 7 57347
0 5 57357
0 4 57360
7 1 57364
4 2 57373
0 7 57403
0 3 57404
0 5 57407
7 6 57408
0 9 57419
6 5 57435
6 5 57449
7 5 57454
0 5 57460
9 7 57464
0 4 57465
6 4 57472
3 1 57489
0 1 57499
0 1 57504
0 6 57512
2 1 57576
0 6 57578
0 1 57585
0 4 57586
0 4 57598
0 5 57629
0 6 57634
0 5 57661
0 6 57663
0 2 57667
0 2 57684
0 8 57686
9 5 57695
0 8 57701
0 2 57704
0 8 57705
0 5 57712
0 2 57720
9 3 57730
3 2 57737
0 4 57749
0 5 57751
6 5 57778
0 7 57799
0 8 57806
5 1 57816
0 9 57818
0 7 57831
5 1 57832
8 6 57856
0 2 57857
0 9 57873
3 2 57892
0 3 57893
9 7 57896
0 7 57901
0 5 57903
7 2 57930
5 4 57931
0 6 57947
0 8 57953
0 7 57956
0 8 57966
0 1 57971
6 5 57976
9 8 57983
6 5 57984
5 4 57989
0 1 57991
9 7 57997
0 8 58001
0 9 58008
0 8 58024
0 5 58026
0 5 58027
0 3 58032
0 4 58049
0 9 58053
8 5 58059
7 6 58070
0 7 58080
7 6 58081
0 2 58084
0 4 58085
7 4 58110
2 1 58115
0 9 58142
0 9 58154
0 6 58164
9 7 58180
5 3 58189
0 9 58196
8 4 58197
0 2 58214
0 5 58216
7 4 58222
7 3 58224
3 2 58233
0 9 58242
9 1 58243
4 1 58251
3 1 58270
0 3 58281
0 7 58300
0 1 58304
0 8 58317
0 5 58329
0 7 58344
7 3 58345
0 8 58346
0 1 58350
0 3 58356
9 2 58358
5 4 58362
6 4 58367
2 1 58369
0 8 58376
0 4 58380
0 5 58382
8 1 58385
8 4 58387
0 1 58405
0 3 58413
0 8 58414
0 6 58426
0 3 58434
0 9 58453
4 3 58468
0 9 58469
3 1 58470
0 6 58474
9 6 58475
4 3 58476
0 5 58483
0 1 58484
0 3 58491
0 4 58496
5 4 58514
0 8 58516
7 1 58520
0 8 58528
0 9 58531
7 3 58533
0 9 58534
2 1 58544
0 2 58574
0 2 58584
2 1 58591
0 1 58601
0 3 58604
0 7 58614
0 9 58615
8 3 58619
0 7 58623
0 3 58628
9 2 58637
9 3 58655
8 6 58657
9 5 58658
7 4 58684
0 9 58685
2 1 58700
7 3 58702
8 7 58720
3 1 58724
0 7 58735
0 4 58736
0 5 58737
9 5 58744
8 7 58745
0 2 58757
0 1 58767
0 3 58771
0 3 58782
0 1 58791
6 4 58792
0 5 58800
6 4 58821
3 2 58822
9 4 58823
3 1 58828
0 7 58835
0 1 58853
3 1 58873
9 5 58874
0 1 58899
0 1 58900
5 4 58905
5 2 58906
0 2 58918
0 4 58921
4 3 58925
0 7 58941
0 6 58950
6 4 58961
8 2 58975
0 3 58978
0 5 58979
0 5 58984
5 1 58987
2 1 59013
0 5 59028
0 8 59037
0 3 59043
0 4 59050
0 6 59055
0 4 59056
0 9 59059
3 1 59064
0 4 59081
0 1 59098
7 4 59110
5 3 59126
3 1 59127
0 2 59128
0 9 59131
0 6 59138
0 8 59139
7 1 59161
8 7 59162
4 3 59168
0 2 59191
0 9 59193
0 7 59194
6 5 59196
6 3 59203
0 7 59208
6 5 59210
0 4 59215
6 1 59218
0 3 59227
0 4 59229
5 1 59236
0 7 59239
0 3 59250
4 1 59254
0 7 59261
5 2 59271
9 5 59292
8 4 59325
0 7 59331
8 6 59339
0 8 59342
9 1 59344
0 9 59349
0 6 59353
8 4 59362
0 4 59365
9 1 59376
5 4 59378
6 5 59379
0 9 59385
0 6 59386
7 2 59415
7 4 59416
0 3 59418
0 6 59425
7 4 59452
0 2 59455
4 3 59458
0 4 59461
2 1 59469
0 8 59473
0 8 59474
5 1 59476
0 6 59479
0 5 59485
0 1 59492
5 3 59515
9 6 59516
0 8 59530
0 7 59531
0 7 59538
0 7 59545
0 5 59546
6 5 59547
6 2 59561
0 1 59562
0 7 59570
0 1 59589
0 8 59594
2 1 59601
9 6 59615
0 2 59616
5 2 59626
0 7 59628
0 5 59634
0 3 59637
8 5 59645
9 2 59647
0 2 59653
0 8 59654
6 5 59676
0 6 59680
0 9 59686
0 6 59689
2 1 59693
0 6 59700
9 3 59710
4 1 59722
0 9 59730
7 2 59739
2 1 59747
4 3 59777
3 1 59779
4 3 59788
4 3 59793
2 1 59800
0 3 59804
0 7 59805
6 2 59824
3 1 59847
9 7 59855
0 2 59857
5 3 59868
6 2 59870
4 3 59893
0 6 59895
7 2 59905
0 3 59907
0 9 59913
0 8 59924
0 4 59927
0 6 59939
6 3 59958
3 1 59986
0 3 59995
0 2 60009
0 7 60010
0 9 60025
9 8 60039
8 7 60045
4 3 60047
0 4 60055
0 9 60058
5 2 60060
6 5 60079
0 2 60094
8 2 60097
0 3 60111
0 3 60113
0 8 60133
0 3 60135
0 8 60141
8 5 60156
5 1 60165
8 2 60189
0 1 60194
2 1 60203
0 1 60225
3 2 60229
7 1 60230
0 3 60231
6 4 60264
0 4 60266
9 3 60275
0 5 60290
0 9 60300
8 1 60314
0 6 60317
0 6 60344
2 1 60383
0 8 60395
0 6 60398
0 9 60399
0 1 60401
0 3 60407
9 1 60416
0 2 60448
0 5 60466
0 8 60475
5 3 60484
0 5 60488
7 4 60490
8 6 60494
0 4 60500
5 4 60533
0 1 60536
9 4 60559
0 6 60561
0 5 60567
0 2 60575
4 2 60600
0 4 60609
0 8 60622
2 1 60629
0 5 60633
9 6 60637
0 7 60649
0 5 60655
8 2 60672
0 6 60680
0 5 60687
0 9 60698
0 5 60704
4 3 60737
0 8 60739
7 2 60744
6 3 60745
3 1 60749
0 5 60760
9 6 60765
0 4 60766
0 5 60775
6 2 60784
4 3 60785
0 3 60793
8 3 60795
0 7 60829
3 1 60833
0 4 60835
0 4 60839
5 3 60869
0 3 60878
0 8 60895
0 8 60901
6 5 60903
6 5 60906
6 3 60924
0 1 60928
0 7 60953
4 1 60959
0 9 60972
0 8 60984
3 1 60988
0 8 60993
6 2 60994
0 3 60995
0 5 61013
0 1 61016
5 1 61019
8 3 61020
0 9 61030
9 3 61033
0 6 61037
0 5 61076
3 1 61080
9 3 61086
7 2 61101
3 2 61116
0 4 61119
4 3 61122
0 3 61123
0 9 61138
0 2 61147
4 3 61152
2 1 61160
4 1 61163
0 6 61177
6 3 61188
4 1 61197
0 5 61205
7 6 61216
0 9 61219
5 1 61237
0 7 61240
8 3 61247
0 8 61250
0 1 61275
0 8 61297
7 5 61299
5 2 61306
8 6 61323
0 1 61331
0 6 61339
0 3 61341
5 1 61343
0 1 61347
3 2 61372
6 5 61380
7 6 61389
0 3 61395
0 1 61396
0 7 61402
5 3 61404
2 1 61406
6 4 61409
0 6 61420
7 4 61433
0 5 61442
5 3 61444
0 1 61446
0 6 61449
0 3 61457
0 5 61458
0 1 61487
9 3 61490
5 1 61491
0 4 61503
5 2 61504
0 6 61507
3 2 61511
4 3 61518
0 7 61525
7 4 61535
9 1 61561
8 1 61563
0 1 61564
9 7 61573
2 1 61592
9 8 61605
0 1 61606
5 3 61615
4 1 61618
0 7 61621
0 3 61662
7 6 61671
0 5 61690
0 4 61691
5 1 61713
0 6 61719
0 8 61735
5 4 61742
0 5 61758
0 6 61762
0 1 61767
0 3 61776
0 9 61787
4 2 61815
7 5 61827
0 1 61832
6 1 61834
7 3 61855
0 2 61870
8 3 61882
0 1 61903
0 9 61905
0 5 61911
6 2 61929
0 5 61930
0 1 61932
0 3 61945
3 1 61957
5 2 61958
4 1 61966
0 8 61968
2 1 61971
8 5 61991
0 4 61992
4 1 62004
8 5 62008
0 8 62044
9 1 62047
0 5 62049
0 3 62051
9 4 62054
0 7 62056
0 3 62062
0 3 62068
0 4 62075
7 4 62076
0 9 62078
0 2 62084
4 2 62090
0 9 62095
5 1 62098
0 2 62099
7 5 62110
0 2 62111
0 7 62148
0 9 62151
8 7 62152
0 8 62155
8 6 62173
0 8 62179
0 7 62180
0 1 62183
0 5 62197
0 9 62198
4 2 62205
7 6 62206
7 6 62211
8 4 62225
5 2 62232
0 7 62233
0 6 62240
5 1 62244
0 4 62245
0 8 62255
5 1 62258
5 2 62270
4 1 62272
5 4 62278
0 9 62279
6 4 62314
0 3 62319
0 7 62320
0 3 62322
0 3 62328
9 5 62337
6 4 62354
0 8 62370
6 3 62396
0 1 62401
0 2 62403
5 4 62411
4 3 62430
0 5 62434
9 4 62451
0 3 62458
0 2 62465
0 3 62469
0 9 62477
5 4 62483
7 6 62489
0 7 62504
0 1 62511
6 2 62517
0 4 62519
2 1 62532
0 7 62533
5 4 62544
0 2 62558
0 3 62559
4 3 62564
0 2 62565
0 2 62566
2 1 62571
0 2 62579
0 1 62581
8 4 62588
8 4 62589
0 2 62613
0 5 62620
0 4 62630
0 8 62662
0 6 62666
4 3 62679
0 5 62689
0 6 62696
0 8 62699
0 1 62714
0 9 62721
0 3 62727
9 6 62741
6 5 62750
0 3 62753
0 4 62764
7 6 62768
3 2 62772
0 8 62779
5 1 62789
0 3 62809
2 1 62816
0 2 62819
0 7 62828
6 4 62838
0 6 62847
0 7 62850
4 3 62852
6 4 62853
0 9 62856
7 5 62861
0 5 62865
6 2 62892
0 7 62898
0 3 62907
3 1 62920
0 4 62923
5 1 62931
0 3 62948
7 4 62951
5 4 62957
8 2 62961
9 3 62962
2 1 62974
0 4 62975
9 1 62980
0 1 63020
4 1 63031
0 9 63032
0 8 63049
0 6 63059
9 1 63070
4 3 63073
8 4 63084
0 6 63085
0 7 63114
4 1 63123
3 2 63130
0 6 63145
0 1 63146
0 7 63147
7 2 63160
0 9 63161
0 6 63170
0 9 63173
8 4 63191
0 3 63197
0 9 63208
3 1 63222
5 2 63226
0 7 63239
2 1 63252
7 2 63256
5 2 63267
0 7 63275
2 1 63278
4 1 63287
0 7 63290
6 3 63305
0 4 63317
0 4 63319
7 5 63321
0 3 63327
8 5 63333
9 8 63342
4 1 63343
0 2 63348
0 8 63356
4 1 63366
0 6 63377
0 8 63390
0 6 63411
0 4 63426
6 1 63427
0 5 63441
0 5 63444
4 2 63449
8 5 63470
0 9 63484
6 4 63500
0 1 63508
5 2 63509
0 7 63554
9 5 63560
5 4 63569
0 7 63601
0 6 63620
0 4 63643
0 8 63644
0 9 63655
0 3 63660
0 7 63671
5 3 63674
8 5 63677
0 1 63692
0 1 63722
0 1 63729
4 2 63740
0 1 63751
8 6 63752
0 3 63758
0 4 63772
0 6 63775
3 1 63777
0 5 63798
0 9 63841
0 2 63850
7 2 63851
9 2 63859
0 5 63861
0 3 63869
9 6 63904
0 7 63905
7 6 63911
7 6 63916
0 7 63923
0 3 63928
6 1 63933
4 2 63936
0 3 63957
0 9 63974
0 9 63986
0 7 63994
6 4 64024
8 1 64027
0 6 64029
9 1 64032
0 4 64051
0 4 64067
0 2 64076
9 5 64093
7 6 64098
0 9 64100
3 1 64106
0 6 64121
0 2 64128
8 6 64145
0 9 64162
0 8 64165
3 1 64170
2 1 64180
7 3 64184
0 3 64188
8 3 64194
0 4 64196
9 4 64200
9 3 64202
0 7 64205
4 2 64209
0 8 64215
8 6 64220
0 9 64227
8 6 64271
0 2 64275
0 6 64278
7 2 64287
2 1 64302
9 2 64303
0 1 64315
6 5 64321
0 3 64323
7 1 64332
7 3 64334
0 8 64349
0 4 64361
0 7 64364
5 1 64370
0 6 64386
0 2 64399
4 1 64403
0 5 64404
3 2 64407
0 9 64417
6 1 64418
0 1 64422
0 3 64425
0 2 64443
7 5 64445
6 1 64456
4 1 64464
5 3 64483
0 8 64488
7 3 64492
7 4 64518
9 1 64521
0 6 64533
0 5 64539
0 8 64544
5 3 64550
3 1 64563
8 2 64569
6 2 64581
4 2 64593
0 4 64618
0 3 64624
0 5 64642
0 7 64650
0 7 64651
5 4 64655
0 8 64666
4 2 64684
4 2 64685
3 1 64687
0 3 64717
0 5 64723
2 1 64724
0 7 64734
4 1 64735
0 3 64736
0 4 64753
0 8 64794
8 6 64796
7 1 64808
0 3 64820
0 2 64837
7 6 64846
0 5 64887
0 6 64903
0 9 64908
0 8 64917
6 4 64920
4 3 64928
0 9 64930
0 7 64936
0 1 64943
2 1 64945
8 6 64949
0 3 64953
9 5 64954
6 5 64968
5 2 64970
0 6 64971
4 2 64981
5 4 64994
0 2 65007
9 2 65028
7 4 65039
0 3 65048
0 5 65065
7 5 65078
8 7 65079
9 6 65085
0 1 65098
0 2 65109
0 3 65111
0 2 65126
0 9 65131
6 1 65141
0 5 65142
0 8 65147
9 6 65152
8 2 65156
5 2 65167
6 3 65168
0 3 65173
5 4 65185
2 1 65187
0 3 65190
0 2 65191
9 5 65192
6 3 65199
0 9 65204
9 3 65213
8 4 65219
0 3 65226
6 5 65236
8 3 65239
3 2 65245
8 7 65252
0 2 65253
0 3 65259
0 6 65262
0 2 65270
2 1 65272
2 1 65283
8 4 65288
8 5 65302
0 8 65312
4 2 65314
0 1 65324
0 8 65330
9 8 65358
0 7 65363
0 1 65368
4 3 65391
0 8 65405
0 7 65411
6 1 65413
2 1 65420
0 3 65424
0 4 65430
0 1 65441
7 6 65445
0 2 65456
0 4 65462
9 4 65475
0 2 65490
9 6 65520
0 3 65526
6 1 65546
0 8 65582
8 1 65584
0 2 65589
8 2 65601
0 1 65602
0 1 65638
6 2 65649
6 2 65680
0 7 65683
0 2 65685
0 3 65691
0 4 65694
0 7 65696
6 3 65700
3 2 65715
0 5 65717
0 4 65726
0 6 65729
0 8 65735
2 1 65739
0 6 65753
0 4 65770
0 8 65773
8 7 65775
0 1 65778
7 1 65779
0 6 65822
0 5 65825
9 3 65832
0 7 65835
0 4 65841
0 1 65846
7 6 65850
4 1 65851
5 1 65858
0 2 65862
6 5 65883
9 1 65889
0 1 65897
5 1 65903
3 2 65907
0 6 65923
0 9 65931
0 5 65932
0 8 65935
8 2 65938
0 2 65941
8 6 65947
0 9 65950
2 1 65953
3 2 65959
2 1 65970
0 6 65973
5 4 65986
0 5 66002
0 5 66016
9 7 66025
0 3 66029
0 4 66030
8 5 66033
4 2 66040
7 4 66042
7 6 66067
4 3 66069
0 5 66086
0 8 66098
8 5 66099
7 3 66103
8 7 66111
0 3 66113
5 3 66136
0 5 66137
0 9 66146
0 2 66156
4 1 66159
2 1 66174
0 9 66180
6 5 66182
0 3 66189
0 1 66207
4 1 66213
4 2 66228
0 3 66248
0 5 66260
7 5 66297
6 5 66298
5 4 66299
0 8 66306
9 5 66313
2 1 66325
2 1 66326
0 9 66384
4 1 66389
0 5 66394
6 4 66397
0 6 66399
4 1 66403
9 7 66415
0 7 66421
0 2 66434
9 7 66440
0 1 66460
6 5 66468
4 1 66497
0 8 66503
0 2 66513
6 3 66536
8 2 66540
0 9 66552
0 9 66561
0 7 66564
2 1 66568
0 8 66572
9 1 66573
0 9 66574
0 9 66592
0 1 66596
0 8 66597
5 2 66614
0 2 66618
0 5 66620
0 2 66625
0 2 66626
0 9 66628
7 3 66639
6 5 66641
0 8 66647
9 8 66652
6 2 66656
8 3 66660
7 3 66666
2 1 66680
2 1 66693
0 2 66694
2 1 66699
0 1 66727
3 2 66728
0 6 66738
2 1 66746
0 5 66750
5 2 66767
6 2 66772
0 7 66778
7 1 66785
3 1 66786
0 6 66795
0 3 66796
6 5 66797
8 6 66802
0 4 66805
0 9 66815
6 5 66825
7 3 66827
0 2 66854
9 1 66860
0 5 66882
0 5 66893
0 7 66913
0 6 66938
0 9 66943
0 1 66961
0 3 66965
3 2 67010
0 4 67012
3 2 67014
0 9 67015
0 2 67019
7 5 67030
9 6 67038
0 8 67046
3 2 67047
0 8 67049
9 2 67053
8 7 67058
0 6 67059
0 8 67071
0 1 67075
8 2 67079
0 4 67095
4 2 67103
0 4 67104
4 1 67112
8 3 67123
4 3 67140
0 9 67161
0 7 67168
0 2 67176
8 7 67196
7 5 67197
0 6 67204
9 6 67205
5 4 67213
3 2 67219
8 3 67228
0 3 67232
0 9 67252
0 8 67253
6 2 67264
7 6 67265
6 5 67311
8 6 67336
0 1 67362
5 2 67371
5 3 67381
0 4 67391
7 5 67403
0 3 67406
9 6 67418
0 1 67426
0 2 67429
5 4 67441
0 3 67455
0 9 67456
9 6 67463
0 1 67470
0 4 67473
3 2 67484
7 3 67490
0 6 67494
0 6 67497
8 3 67514
6 1 67531
0 5 67546
9 3 67547
2 1 67554
0 7 67556
4 2 67559
2 1 67565
7 4 67570
3 1 67575
0 5 67577
0 9 67586
0 3 67588
5 2 67597
7 6 67599
7 1 67600
0 3 67601
0 3 67609
5 1 67610
0 1 67613
6 1 67625
0 7 67658
2 1 67667
5 3 67677
0 2 67688
0 6 67712
5 4 67715
8 7 67716
5 2 67720
0 5 67727
5 4 67729
0 6 67733
0 8 67737
0 4 67738
0 4 67740
0 4 67741
2 1 67749
5 1 67753
0 7 67762
0 8 67763
0 3 67766
8 5 67830
0 6 67834
0 7 67841
2 1 67842
6 3 67848
0 4 67865
0 6 67870
7 5 67878
4 3 67881
0 2 67891
0 6 67892
0 2 67894
6 4 67920
5 2 67936
0 2 67949
4 1 67956
6 5 67963
0 7 67964
0 6 67966
7 3 67971
0 7 67976
0 6 67989
0 4 68010
8 6 68015
0 7 68023
5 1 68025
0 5 68044
5 1 68054
0 9 68101
7 5 68106
0 4 68107
3 2 68120
7 2 68146
0 2 68152
0 5 68156
2 1 68170
5 2 68182
0 4 68185
8 1 68205
0 1 68216
6 1 68218
4 1 68223
0 8 68224
9 5 68230
0 9 68243
0 2 68244
0 4 68247
9 8 68261
0 8 68276
7 4 68284
0 9 68286
4 3 68288
0 6 68293
0 6 68297
0 6 68301
0 3 68319
3 1 68320
4 1 68325
0 2 68332
7 6 68352
2 1 68354
0 4 68362
0 4 68368
0 1 68388
0 6 68407
0 2 68409
2 1 68416
0 7 68419
3 2 68421
0 2 68427
8 4 68428
7 2 68438
0 1 68441
0 6 68450
5 3 68452
0 1 68462
0 1 68471
7 2 68476
8 2 68479
8 4 68489
8 1 68495
0 4 68500
0 5 68509
0 3 68515
7 4 68519
0 3 68525
0 7 68527
0 8 68543
0 8 68552
6 1 68555
0 5 68558
0 9 68565
0 4 68587
4 1 68591
0 2 68656
0 7 68668
0 3 68681
8 6 68693
2 1 68712
0 1 68715
0 1 68718
0 8 68720
0 2 68732
0 1 68738
0 5 68750
5 4 68752
9 2 68757
0 8 68772
0 5 68775
9 2 68802
0 1 68804
0 3 68807
4 2 68809
6 2 68811
0 7 68842
6 3 68853
0 6 68879
9 8 68895
0 9 68912
2 1 68917
0 5 68929
6 4 68939
6 2 68947
0 8 68957
0 3 68964
6 2 68966
3 2 68976
2 1 68989
0 2 69010
0 3 69012
0 7 69039
7 6 69040
6 4 69043
9 6 69062
0 9 69068
2 1 69080
0 6 69088
4 2 69090
3 2 69091
6 1 69097
0 8 69108
2 1 69128
7 5 69132
0 1 69137
2 1 69141
0 6 69143
0 5 69149
7 6 69152
0 1 69163
0 5 69169
0 3 69173
4 1 69180
0 6 69185
0 7 69190
8 5 69191
0 7 69193
0 5 69195
0 1 69227
8 5 69229
0 8 69235
0 4 69245
0 3 69248
9 8 69255
7 4 69276
8 6 69299
0 7 69304
0 2 69322
0 8 69325
0 6 69331
7 3 69333
8 7 69337
0 2 69367
0 9 69374
0 1 69392
0 9 69401
0 8 69408
7 4 69419
6 4 69422
7 6 69430
7 4 69479
0 3 69484
0 9 69488
5 4 69489
0 4 69498
0 7 69502
2 1 69509
0 4 69516
6 3 69529
0 1 69533
0 1 69535
0 4 69555
4 3 69557
5 3 69560
0 9 69562
0 3 69563
0 6 69579
0 9 69608
5 4 69622
0 2 69627
5 4 69629
0 6 69644
9 6 69649
0 7 69650
0 8 69670
0 2 69703
5 3 69713
8 1 69714
0 5 69728
9 8 69737
0 3 69739
2 1 69744
6 3 69771
0 5 69782
7 4 69783
0 4 69785
0 9 69789
0 8 69800
0 8 69815
4 1 69817
0 4 69836
0 7 69840
0 2 69847
0 7 69858
7 3 69882
0 9 69900
2 1 69902
5 4 69931
5 3 69959
0 5 69972
0 5 69975
0 1 69977
9 8 69981
0 3 69998
0 2 70011
8 4 70012
0 2 70022
7 2 70030
0 6 70060
3 2 70066
0 7 70071
6 1 70074
0 5 70080
6 5 70114
0 3 70120
9 6 70121
0 1 70128
9 7 70134
0 2 70149
0 2 70158
7 3 70163
8 5 70176
7 6 70183
0 3 70197
0 3 70219
0 5 70222
0 4 70237
8 4 70244
0 4 70251
0 2 70265
0 5 70272
6 1 70274
0 9 70286
0 4 70290
0 3 70291
5 2 70298
2 1 70343
0 4 70366
4 2 70376
0 3 70381
5 2 70382
0 8 70383
3 2 70394
0 1 70404
0 2 70416
7 2 70445
9 1 70455
0 4 70469
9 5 70470
8 3 70474
0 4 70484
0 3 70489
0 9 70491
0 1 70492
0 4 70508
0 2 70519
0 7 70524
0 2 70529
8 7 70538
4 3 70539
9 5 70554
0 2 70570
0 6 70592
2 1 70595
6 4 70601
0 2 70621
0 7 70624
9 5 70647
0 7 70654
0 5 70658
0 1 70664
0 4 70688
9 1 70692
9 2 70695
0 4 70718
7 4 70720
8 2 70721
0 2 70739
3 1 70743
3 2 70750
7 3 70773
0 5 70782
7 5 70804
0 9 70813
0 1 70826
5 3 70839
9 6 70842
7 4 70844
0 4 70854
9 4 70869
0 6 70882
0 1 70887
0 2 70900
0 6 70901
0 8 70918
8 2 70937
0 8 70947
6 1 70953
0 2 70956
0 3 70959
7 5 70974
0 7 70975
0 2 70995
0 6 70996
0 8 70997
0 7 71005
7 5 71018
3 1 71019
8 6 71020
3 1 71022
9 1 71042
5 2 71050
0 3 71059
0 6 71065
0 6 71070
0 3 71108
0 3 71127
0 5 71142
4 1 71166
8 2 71176
0 5 71179
8 7 71184
0 4 71186
0 9 71194
0 3 71196
0 6 71211
6 5 71232
5 4 71237
0 9 71241
3 2 71244
0 2 71285
8 7 71292
0 1 71293
0 4 71318
3 1 71326
6 5 71327
5 2 71328
6 1 71343
0 8 71344
7 4 71356
0 7 71359
3 2 71365
3 2 71382
0 2 71384
2 1 71385
0 9 71386
0 9 71393
7 2 71428
4 2 71430
5 1 71432
0 4 71446
7 1 71447
9 1 71464
0 4 71486
8 7 71515
4 1 71533
6 1 71537
0 8 71545
0 3 71547
0 4 71553
0 9 71567
0 3 71570
0 8 71571
0 9 71577
5 1 71591
0 4 71603
0 5 71608
0 5 71628
7 6 71647
0 7 71648
0 7 71649
0 2 71661
0 3 71669
0 3 71674
4 2 71678
0 9 71699
0 8 71707
0 8 71708
0 2 71710
0 9 71743
0 7 71754
0 4 71775
4 2 71782
5 4 71783
5 4 71785
7 2 71787
0 4 71791
2 1 71811
0 4 71815
5 4 71837
0 1 71844
9 3 71876
0 8 71890
4 2 71903
0 3 71904
0 8 71930
9 7 71931
9 3 71932
0 3 71934
0 8 71967
0 2 71974
0 9 71983
0 9 71989
3 2 71993
7 1 71994
5 1 72003
0 8 72004
3 2 72021
0 3 72027
0 3 72042
3 1 72050
0 8 72056
0 1 72059
0 7 72078
0 5 72092
0 1 72096
0 6 72103
0 1 72141
7 4 72152
7 2 72165
5 2 72166
0 1 72170
0 9 72184
0 9 72185
2 1 72194
0 9 72197
0 3 72200
0 3 72201
0 1 72203
0 8 72209
6 3 72211
5 1 72214
0 3 72217
0 9 72223
0 4 72225
3 2 72227
8 7 72230
0 7 72246
0 9 72248
5 3 72249
0 4 72252
0 9 72262
0 2 72263
0 3 72266
0 4 72272
0 6 72275
0 1 72284
3 2 72287
5 1 72291
9 6 72299
0 2 72302
6 2 72306
4 1 72313
0 7 72333
0 3 72346
7 6 72371
0 2 72390
4 1 72391
2 1 72394
0 5 72397
0 9 72407
0 2 72412
5 1 72438
9 2 72441
0 5 72444
8 3 72446
9 1 72447
0 9 72451
6 2 72454
0 8 72469
0 1 72472
0 9 72479
6 2 72490
0 6 72493
6 2 72497
0 5 72508
0 7 72514
3 2 72521
0 7 72531
0 3 72574
0 2 72579
3 1 72581
0 5 72587
0 4 72606
3 2 72610
0 1 72628
0 4 72641
6 2 72643
0 1 72647
5 4 72653
0 3 72667
0 9 72672
2 1 72674
5 4 72678
0 4 72684
0 4 72693
0 8 72714
0 2 72724
0 8 72729
6 4 72732
0 3 72756
4 3 72759
0 8 72766
0 7 72782
3 2 72790
4 1 72808
0 7 72834
0 2 72835
0 4 72837
0 5 72862
0 4 72872
0 6 72879
0 4 72899
0 5 72916
5 4 72917
0 4 72928
0 3 72932
0 1 72936
0 8 72940
0 3 72942
3 1 72951
0 3 72960
7 3 72969
4 1 72971
0 2 72976
0 8 72977
0 4 72983
6 3 72986
0 6 73024
8 3 73034
6 5 73045
0 9 73048
0 4 73051
0 5 73063
8 2 73074
6 3 73098
0 5 73116
0 2 73117
0 6 73129
3 1 73136
0 2 73148
2 1 73186
6 2 73187
4 1 73197
0 2 73203
0 5 73208
5 2 73209
0 4 73216
0 7 73230
6 4 73244
0 6 73253
0 1 73264
0 7 73279
7 1 73321
8 6 73331
9 7 73337
0 2 73358
5 3 73359
0 7 73367
7 4 73371
6 1 73372
0 2 73377
0 8 73381
0 2 73382
3 2 73395
4 3 73398
0 6 73402
0 9 73404
4 3 73416
8 6 73424
3 1 73439
0 9 73449
0 6 73453
4 2 73461
0 2 73465
6 4 73478
0 6 73479
0 9 73488
0 6 73492
0 8 73499
0 1 73507
6 5 73525
3 1 73538
0 6 73542
0 8 73575
0 1 73580
3 2 73584
7 6 73586
7 3 73588
0 9 73603
6 2 73617
6 2 73629
2 1 73638
6 5 73680
0 4 73708
0 9 73716
0 5 73719
2 1 73720
0 2 73722
0 8 73740
0 2 73751
0 4 73756
6 3 73757
0 2 73759
0 7 73772
0 8 73785
0 1 73794
0 4 73798
0 6 73809
8 7 73831
0 2 73834
3 1 73863
0 4 73868
0 8 73872
0 7 73888
0 4 73891
7 6 73899
2 1 73906
8 7 73932
0 2 73933
0 5 73935
0 3 73943
7 6 73944
8 3 73965
7 6 73966
0 1 73977
0 8 73992
0 2 74024
7 1 74030
7 3 74040
7 4 74053
0 7 74058
6 4 74066
5 4 74069
8 5 74072
0 2 74074
7 5 74075
0 2 74079
0 2 74097
0 5 74104
0 5 74110
9 2 74121
0 2 74125
2 1 74126
8 5 74127
0 9 74130
6 4 74135
0 8 74141
9 6 74156
8 5 74173
8 2 74175
0 2 74181
8 5 74191
3 2 74201
0 7 74210
9 2 74219
0 1 74222
5 4 74225
0 4 74226
4 1 74235
0 9 74237
0 9 74241
8 6 74248
6 5 74251
0 7 74260
0 3 74261
0 8 74284
0 6 74287
0 6 74298
3 1 74311
0 7 74326
2 1 74333
2 1 74344
8 3 74350
8 7 74351
3 2 74356
0 3 74363
9 4 74365
4 1 74368
0 8 74394
4 1 74419
0 3 74420
8 6 74426
0 8 74438
3 2 74439
0 8 74472
0 9 74474
0 4 74475
0 1 74481
8 7 74482
7 6 74487
6 5 74488
4 2 74492
0 3 74500
0 5 74506
0 7 74525
0 2 74550
0 9 74551
0 2 74569
0 2 74592
0 6 74599
3 2 74609
3 1 74626
7 5 74628
2 1 74630
0 3 74648
0 9 74652
9 3 74659
3 1 74692
7 4 74694
0 4 74695
4 1 74700
0 8 74706
0 5 74707
9 6 74713
7 5 74726
4 3 74737
0 8 74738
0 7 74743
0 2 74744
0 5 74748
0 7 74751
0 2 74758
9 5 74781
8 1 74785
6 1 74787
5 3 74811
3 2 74815
3 2 74823
0 2 74825
0 8 74828
0 8 74833
6 5 74835
3 2 74844
0 2 74845
0 9 74849
0 6 74853
9 5 74854
0 6 74857
6 3 74861
9 8 74863
0 9 74870
5 4 74873
3 1 74874
7 2 74880
0 4 74882
9 4 74883
0 7 74889
0 6 74906
0 4 74916
5 1 74939
0 4 74940
0 1 74944
7 4 74951
0 9 74954
0 2 74956
0 9 75001
0 9 75024
0 2 75025
9 5 75036
0 9 75037
4 3 75039
8 6 75071
0 8 75072
4 2 75077
8 7 75083
6 2 75093
8 6 75094
0 8 75098
0 7 75108
2 1 75122
0 6 75129
0 4 75136
0 8 75163
0 8 75167
0 4 75169
6 4 75176
9 5 75182
0 4 75185
0 4 75194
0 9 75195
4 2 75199
5 2 75207
6 4 75214
6 2 75219
0 3 75221
5 4 75227
0 7 75238
5 3 75240
6 5 75253
8 7 75262
0 6 75274
4 3 75289
8 6 75301
6 2 75322
0 2 75352
9 6 75366
0 5 75369
0 1 75377
0 9 75385
0 2 75400
5 1 75405
0 1 75415
0 8 75424
0 9 75428
3 2 75445
8 2 75472
9 1 75477
7 3 75500
3 1 75507
0 7 75519
3 1 75526
5 2 75548
0 5 75557
6 3 75573
0 8 75579
8 3 75581
6 2 75586
5 2 75587
0 2 75589
5 1 75591
0 5 75592
5 1 75597
0 4 75598
0 1 75612
0 3 75619
4 2 75638
8 5 75646
0 7 75659
3 2 75671
0 4 75676
0 6 75691
0 2 75697
0 2 75703
0 4 75704
4 1 75706
2 1 75732
9 2 75733
0 4 75745
0 2 75749
9 1 75751
3 2 75754
0 6 75758
0 5 75764
0 1 75775
0 8 75784
0 4 75785
0 3 75812
8 4 75813
4 1 75820
0 3 75821
0 1 75824
6 2 75839
0 4 75851
0 2 75861
0 7 75864
6 1 75867
0 8 75870
6 5 75878
5 4 75883
3 2 75885
0 7 75889
0 8 75890
0 6 75905
9 4 75916
7 1 75960
0 2 75970
2 1 75976
0 7 75977
0 5 75993
0 4 76007
0 9 76013
0 9 76019
5 4 76025
4 3 76030
7 3 76038
7 2 76044
0 1 76045
0 8 76059
9 5 76065
4 2 76068
0 9 76087
0 3 76091
0 6 76106
7 3 76109
0 7 76120
5 1 76121
0 6 76122
0 7 76140
0 5 76142
0 2 76144
0 5 76155
0 5 76162
0 3 76165
0 6 76181
0 9 76185
3 2 76189
0 7 76201
4 1 76203
3 1 76214
0 5 76216
3 1 76219
0 2 76223
3 2 76229
0 7 76237
3 1 76242
0 2 76245
6 3 76254
0 7 76269
0 3 76271
5 4 76279
0 8 76281
0 4 76287
0 4 76290
0 9 76332
0 4 76356
0 3 76364
0 4 76370
5 3 76372
0 8 76406
0 5 76426
0 7 76447
0 6 76451
8 7 76458
8 1 76474
7 1 76475
5 4 76485
0 7 76497
2 1 76501
8 4 76531
0 3 76553
4 1 76555
0 3 76565
5 4 76566
0 2 76569
0 6 76580
0 7 76582
0 7 76588
0 8 76598
0 2 76601
8 1 76608
3 2 76632
8 4 76640
9 3 76645
8 2 76650
0 6 76656
0 4 76663
3 2 76668
0 8 76674
8 5 76676
2 1 76682
7 6 76688
6 2 76706
9 4 76707
4 3 76710
4 2 76712
6 1 76713
6 5 76722
0 3 76723
6 5 76728
3 1 76743
6 2 76759
0 9 76801
6 2 76820
0 2 76821
0 5 76850
0 1 76874
8 3 76875
0 6 76881
0 8 76883
0 7 76885
5 2 76886
6 3 76887
0 4 76888
0 6 76900
0 9 76901
2 1 76903
0 9 76911
0 1 76925
0 1 76929
0 2 76933
0 4 76934
6 1 76938
9 4 76940
0 8 76953
0 7 76955
9 4 76958
0 7 76970
9 7 76971
0 7 76988
0 4 76991
9 7 76999
0 8 77003
4 3 77012
0 1 77026
6 4 77035
0 6 77051
6 2 77053
7 1 77055
4 1 77057
0 3 77058
0 2 77075
0 6 77082
3 2 77084
0 9 77090
0 2 77098
9 6 77110
0 5 77112
0 4 77114
0 3 77116
0 2 77128
3 2 77151
0 6 77164
0 2 77167
7 1 77169
2 1 77185
0 2 77188
0 2 77194
2 1 77199
4 2 77200
0 9 77208
9 1 77214
7 4 77216
0 9 77223
6 5 77238
6 1 77254
0 7 77256
3 1 77261
3 1 77266
3 1 77269
8 2 77270
0 2 77292
0 4 77297
9 1 77299
6 5 77300
0 5 77304
0 1 77312
0 4 77321
8 5 77325
0 3 77328
0 8 77334
0 5 77353
2 1 77356
7 5 77365
5 2 77389
0 1 77391
0 4 77392
6 3 77397
9 2 77406
0 2 77415
0 7 77421
0 6 77442
0 6 77463
0 6 77470
2 1 77484
0 2 77485
8 3 77486
0 6 77489
0 9 77493
0 5 77514
0 1 77539
0 6 77547
0 8 77548
0 9 77561
0 7 77591
6 3 77594
4 1 77603
8 3 77614
0 6 77616
0 7 77618
3 1 77624
8 4 77625
3 1 77630
0 5 77637
0 3 77657
0 1 77666
2 1 77676
9 6 77685
0 7 77694
0 3 77699
8 4 77701
7 2 77703
0 3 77721
8 1 77731
0 8 77735
8 1 77738
7 3 77746
0 3 77747
0 2 77767
5 4 77782
0 1 77783
6 1 77785
0 4 77788
4 1 77802
8 4 77818
0 1 77833
0 3 77838
8 7 77840
9 2 77863
9 7 77874
0 5 77875
5 4 77878
2 1 77879
0 4 77880
0 5 77890
3 2 77906
0 4 77907
0 7 77923
0 4 77940
0 1 77950
8 3 77952
3 1 77957
0 5 77981
0 3 77982
0 2 77991
0 3 78005
8 7 78006
0 4 78007
8 1 78008
0 4 78011
2 1 78021
0 2 78033
0 7 78036
5 2 78038
0 1 78042
6 3 78047
2 1 78053
0 5 78055
4 1 78058
0 4 78085
0 3 78091
5 2 78094
0 6 78117
6 3 78131
0 4 78137
7 3 78141
2 1 78142
0 9 78156
0 3 78170
3 1 78181
5 4 78190
8 2 78205
0 6 78215
6 3 78219
0 9 78225
0 8 78247
0 5 78271
0 8 78282
7 4 78287
8 4 78296
0 8 78302
0 5 78308
0 1 78313
0 7 78314
9 8 78328
4 3 78333
2 1 78336
3 1 78368
0 6 78372
0 4 78374
0 6 78381
8 7 78384
0 1 78405
0 8 78406
0 9 78414
0 6 78423
6 3 78427
0 2 78451
6 5 78454
0 4 78470
0 6 78493
2 1 78501
0 3 78505
2 1 78512
6 1 78524
3 1 78537
4 3 78544
8 2 78554
9 2 78566
0 6 78591
0 2 78595
9 6 78604
7 4 78608
0 9 78614
4 1 78615
0 9 78619
0 3 78622
6 3 78623
0 8 78637
9 6 78669
6 2 78673
0 2 78688
0 7 78689
2 1 78693
8 6 78698
0 4 78702
0 2 78712
8 5 78715
2 1 78728
8 6 78738
5 1 78757
4 1 78787
6 1 78789
7 4 78790
0 6 78801
0 9 78806
0 4 78809
0 7 78815
0 1 78829
0 8 78838
0 3 78844
0 1 78856
0 1 78858
8 6 78868
0 8 78873
0 5 78881
0 5 78897
0 7 78899
9 4 78901
0 3 78924
0 8 78925
0 7 78929
0 4 78981
8 5 79000
6 2 79007
5 3 79008
5 3 79026
9 7 79031
0 5 79038
6 2 79048
0 9 79054
0 2 79064
0 9 79065
0 6 79068
0 5 79081
3 1 79084
8 7 79092
4 3 79120
6 4 79123
4 3 79130
7 5 79145
4 2 79171
0 8 79175
0 6 79179
0 5 79186
0 5 79187
0 2 79203
7 6 79207
0 6 79211
0 7 79216
0 5 79218
0 5 79228
0 1 79246
0 4 79249
0 7 79255
7 2 79257
3 2 79260
5 3 79261
8 1 79269
0 4 79282
0 6 79284
0 9 79299
0 5 79364
0 4 79378
0 5 79398
8 6 79402
0 9 79403
0 6 79407
0 5 79409
0 1 79413
2 1 79438
3 1 79448
0 6 79455
0 7 79456
0 4 79462
7 3 79472
9 3 79483
3 2 79513
0 5 79516
0 2 79529
9 4 79543
8 5 79548
0 6 79551
0 5 79579
9 5 79580
3 1 79589
0 1 79591
7 5 79597
7 1 79599
0 2 79604
0 4 79616
0 6 79617
7 6 79625
0 8 79627
4 1 79629
9 2 79641
6 2 79649
0 5 79656
8 5 79659
0 1 79661
0 2 79672
4 2 79691
9 8 79698
0 2 79712
0 9 79718
9 6 79726
0 4 79743
0 1 79746
9 1 79749
0 5 79757
0 4 79769
0 7 79775
0 7 79781
3 2 79783
0 2 79793
0 9 79798
0 4 79812
9 2 79817
8 6 79845
0 5 79866
3 2 79868
2 1 79873
0 8 79878
0 3 79894
0 1 79901
0 5 79903
7 5 79920
8 2 79921
5 2 79924
0 6 79926
0 7 79934
2 1 79941
6 1 79942
9 5 79953
0 8 79954
6 2 79971
0 8 79974
0 5 79986
7 5 79987
0 4 80021
0 6 80022
0 2 80030
4 2 80040
0 5 80072
0 6 80077
0 2 80088
0 2 80090
9 4 80091
0 5 80093
8 4 80099
0 6 80111
0 3 80113
9 6 80119
8 7 80141
5 2 80150
3 2 80151
0 8 80153
0 3 80159
0 2 80163
5 2 80175
0 1 80178
0 4 80179
0 6 80186
0 8 80188
3 2 80192
8 4 80203
7 3 80212
0 4 80216
0 5 80217
8 3 80224
2 1 80235
4 1 80237
0 1 80244
0 5 80246
6 4 80263
5 4 80283
0 5 80313
0 8 80315
8 6 80318
0 1 80335
5 3 80355
5 4 80356
0 7 80360
4 1 80361
8 7 80362
6 5 80370
0 3 80374
8 4 80393
0 9 80399
0 2 80405
4 2 80408
7 5 80417
0 2 80433
0 5 80439
3 1 80450
0 4 80457
0 8 80466
4 2 80468
8 6 80488
6 3 80490
0 6 80491
0 5 80496
4 1 80521
0 9 80537
0 3 80551
3 1 80557
0 2 80558
9 3 80577
0 7 80605
0 6 80607
0 6 80608
0 9 80611
0 8 80630
8 1 80631
0 2 80633
0 7 80636
0 5 80650
8 5 80656
0 4 80660
4 3 80675
0 5 80688
9 4 80689
0 5 80695
0 6 80699
0 4 80706
9 4 80718
5 3 80722
0 8 80728
0 2 80730
8 2 80732
7 5 80733
0 3 80756
5 4 80768
3 2 80786
6 5 80797
0 7 80799
0 8 80811
0 3 80812
0 7 80813
0 6 80822
4 2 80823
0 3 80825
0 6 80848
9 7 80872
0 3 80877
0 2 80890
5 1 80891
0 9 80895
0 6 80896
8 4 80906
0 3 80908
0 5 80924
0 8 80936
8 7 80955
5 4 80957
2 1 80971
0 2 80988
0 5 80999
9 7 81000
8 4 81002
0 9 81026
0 4 81033
0 5 81037
9 8 81039
0 7 81049
0 9 81057
0 3 81067
0 2 81072
8 5 81083
6 4 81086
2 1 81088
0 1 81098
0 3 81116
5 2 81122
8 6 81123
0 5 81134
0 2 81135
0 7 81137
5 4 81141
0 9 81148
0 4 81152
3 2 81154
0 7 81162
0 6 81170
0 1 81173
0 5 81183
0 6 81196
0 4 81198
0 2 81211
0 2 81222
8 3 81229
6 4 81232
0 3 81266
5 1 81280
0 1 81287
0 1 81295
0 2 81304
0 7 81342
0 1 81348
2 1 81349
0 3 81352
0 5 81356
0 4 81358
3 1 81361
0 4 81369
8 5 81370
0 3 81373
6 2 81404
0 1 81405
7 1 81417
0 3 81423
0 7 81426
0 6 81439
0 2 81453
0 9 81468
0 1 81485
3 1 81488
9 1 81496
6 1 81502
4 1 81512
0 8 81519
5 3 81526
5 1 81538
0 9 81553
0 1 81562
0 9 81572
0 2 81581
3 2 81586
0 9 81590
8 2 81591
0 8 81600
5 3 81608
0 3 81610
4 3 81615
2 1 81627
3 1 81643
0 1 81648
0 5 81649
0 5 81662
0 2 81670
0 3 81672
8 4 81677
7 4 81680
0 1 81706
0 8 81711
9 4 81714
0 2 81717
4 3 81721
9 5 81722
7 1 81724
0 9 81726
0 2 81727
0 4 81742
8 6 81744
0 6 81747
0 9 81754
3 2 81757
0 9 81768
0 1 81774
4 2 81775
7 1 81803
0 4 81807
0 6 81809
6 2 81824
5 2 81826
0 1 81839
0 1 81841
0 8 81849
0 9 81858
7 1 81874
9 5 81875
9 3 81884
0 3 81885
9 2 81891
3 1 81920
0 3 81931
3 2 81940
0 5 81947
0 4 81952
0 3 81963
0 1 81965
9 6 81973
0 7 82001
4 1 82003
0 8 82013
4 1 82014
4 2 82035
0 6 82039
8 7 82048
8 2 82067
0 6 82069
5 2 82076
0 5 82090
0 2 82128
5 1 82148
0 1 82152
4 2 82154
0 7 82157
3 2 82159
0 7 82165
0 7 82166
5 3 82171
2 1 82189
0 7 82195
0 7 82199
9 7 82207
0 7 82218
7 3 82220
9 8 82231
0 5 82233
0 6 82244
0 8 82249
8 1 82254
2 1 82266
5 2 82269
3 2 82272
0 5 82274
4 2 82286
0 7 82287
0 5 82299
0 4 82310
0 5 82330
0 8 82333
0 1 82342
6 4 82343
0 8 82372
8 4 82386
0 3 82392
0 7 82417
0 8 82433
9 8 82444
0 2 82453
5 4 82454
0 3 82457
6 5 82465
9 4 82476
7 6 82479
0 5 82483
0 4 82484
6 3 82485
0 9 82489
9 4 82513
6 4 82520
9 4 82521
0 5 82526
5 4 82530
0 9 82540
7 1 82557
7 5 82561
3 2 82565
0 2 82578
6 2 82598
0 2 82601
6 2 82623
5 3 82628
3 2 82649
0 1 82653
5 3 82661
0 5 82670
0 1 82676
9 3 82682
0 5 82683
0 8 82691
0 4 82692
7 1 82693
0 9 82708
9 2 82710
0 3 82743
0 6 82766
5 4 82778
0 3 82782
0 4 82803
0 4 82833
0 5 82840
6 1 82861
0 1 82868
0 2 82887
0 6 82895
6 4 82901
6 1 82920
0 4 82929
7 2 82937
0 6 82939
5 1 82940
7 2 82950
0 8 82958
0 5 82960
0 5 82966
0 3 82976
0 3 82979
6 3 82992
6 4 83008
6 2 83013
6 5 83015
8 5 83018
3 1 83019
6 4 83038
8 3 83066
6 3 83068
3 2 83073
6 3 83101
8 7 83102
9 3 83119
6 5 83125
5 4 83129
7 2 83130
8 2 83131
6 2 83148
6 3 83149
4 1 83150
7 6 83160
6 5 83186
5 3 83200
2 1 83236
9 7 83237
4 2 83238
6 5 83247
8 5 83250
2 1 83252
6 5 83254
2 1 83270
3 1 83289
3 2 83299
9 5 83314
8 4 83317
6 2 83324
6 5 83325
5 1 83326
8 1 83341
2 1 83342
2 1 83353
4 2 83354
5 4 83356
5 1 83362
8 4 83366
7 4 83373
5 4 83380
6 2 83385
6 5 83386
7 5 83390
6 2 83406
4 1 83421
6 3 83423
7 4 83429
6 2 83437
7 6 83445
8 7 83448
6 4 83458
7 1 83459
7 2 83464
6 1 83466
2 1 83480
2 1 83491
4 2 83492
4 1 83494
4 3 83504
9 7 83506
3 1 83508
9 4 83515
7 3 83530
8 1 83539
2 1 83542
9 2 83576
9 8 83582
7 3 83585
9 4 83629
7 4 83639
5 1 83642
9 8 83658
9 6 83660
6 2 83663
2 1 83665
9 1 83672
8 5 83674
3 2 83679
6 4 83685
3 1 83696
5 3 83697
9 8 83703
3 1 83732
3 1 83749
7 3 83753
3 2 83756
4 3 83778
7 3 83799
5 1 83810
9 7 83814
8 1 83829
8 6 83847
4 2 83856
4 2 83863
8 7 83864
8 1 83873
7 2 83911
3 2 83917
2 1 83927
3 2 83935
6 4 83938
3 1 83958
7 2 83968
6 4 83970
4 3 83976
4 1 83999
5 3 84003
8 1 84020
9 5 84030
5 2 84040
2 1 84042
9 5 84043
6 2 84051
6 3 84059
3 1 84071
9 6 84074
4 3 84076
5 4 84085
9 2 84116
8 6 84125
3 2 84144
8 1 84146
2 1 84149
7 3 84152
8 2 84155
6 4 84160
5 4 84168
6 1 84176
6 4 84177
4 3 84180
5 4 84181
5 3 84188
5 2 84199
9 4 84218
4 2 84242
5 1 84254
9 1 84267
8 4 84276
7 4 84282
7 1 84283
6 5 84288
5 3 84291
9 6 84301
8 6 84306
2 1 84323
5 3 84326
8 7 84328
7 1 84333
6 2 84342
9 5 84355
3 1 84363
9 7 84396
5 2 84405
2 1 84415
6 3 84427
8 1 84448
8 2 84451
7 3 84452
7 4 84457
3 1 84460
6 3 84472
4 3 84473
6 1 84479
7 2 84491
5 2 84492
9 5 84504
5 3 84515
7 3 84547
9 1 84548
2 1 84553
8 6 84556
7 6 84565
7 3 84599
6 3 84601
5 4 84603
4 1 84636
4 1 84640
5 4 84644
9 7 84653
3 2 84656
8 5 84661
5 1 84662
9 2 84668
9 2 84694
5 2 84695
8 4 84699
9 2 84705
6 4 84709
7 3 84731
3 2 84733
3 1 84751
8 2 84752
6 3 84759
7 2 84773
8 1 84785
3 1 84791
2 1 84794
8 1 84801
7 3 84802
2 1 84831
3 1 84846
8 4 84851
5 1 84867
4 2 84888
5 3 84890
3 1 84892
6 2 84902
5 4 84909
8 2 84929
5 4 84931
3 2 84936
9 4 84939
6 1 84945
6 4 84964
7 4 84965
9 8 84970
4 3 84971
5 1 84972
9 2 84975
4 3 84976
8 1 84984
5 4 84998
5 2 85003
5 3 85009
8 7 85022
8 6 85026
8 4 85027
4 2 85046
5 3 85051
9 3 85053
6 1 85056
6 1 85066
7 1 85082
2 1 85085
5 3 85087
4 1 85108
3 1 85109
6 2 85110
4 1 85112
6 5 85113
6 5 85120
3 2 85126
9 8 85140
6 4 85145
3 1 85173
3 2 85198
8 2 85201
2 1 85209
9 6 85213
7 4 85220
9 6 85231
3 1 85248
5 4 85281
4 2 85287
3 1 85295
8 1 85300
8 4 85309
5 2 85313
4 1 85343
7 3 85349
7 3 85356
4 2 85358
5 2 85360
9 5 85361
7 2 85402
8 4 85412
7 3 85417
4 1 85422
8 1 85425
6 5 85432
5 2 85438
7 2 85453
5 4 85471
6 4 85473
7 6 85475
3 1 85479
9 1 85494
9 7 85497
3 1 85499
9 5 85501
6 2 85508
8 6 85511
2 1 85516
2 1 85520
7 4 85525
8 2 85543
4 1 85547
5 4 85550
2 1 85567
6 3 85572
5 3 85574
3 1 85587
9 5 85605
7 2 85615
5 4 85616
5 3 85622
6 4 85650
9 7 85657
8 3 85676
7 5 85681
8 6 85696
3 2 85706
5 1 85712
6 3 85713
6 2 85714
3 2 85733
6 4 85738
2 1 85739
8 2 85742
9 5 85746
5 2 85748
9 7 85750
8 5 85751
9 6 85755
5 1 85765
7 4 85767
7 6 85771
7 6 85774
3 2 85788
4 2 85794
2 1 85803
4 2 85805
6 1 85812
3 1 85827
5 3 85828
2 1 85834
9 1 85840
2 1 85853
5 2 85880
6 3 85887
4 2 85933
7 3 85935
5 2 85937
7 6 85948
3 1 85951
5 1 85952
7 4 85964
4 3 85977
4 3 85982
3 2 85987
7 4 86006
4 1 86009
2 1 86015
8 3 86021
6 2 86023
6 4 86027
4 2 86029
7 4 86055
8 7 86059
6 1 86077
3 1 86087
6 4 86095
8 2 86101
6 2 86118
7 5 86135
9 4 86153
6 1 86165
4 3 86190
2 1 86207
2 1 86209
9 1 86212
6 4 86217
7 2 86221
7 2 86251
7 2 86262
9 4 86282
7 3 86283
5 3 86305
5 1 86314
4 1 86322
9 2 86326
5 3 86337
5 1 86349
5 3 86354
3 2 86355
5 1 86356
3 1 86359
5 2 86362
6 1 86365
6 4 86382
0 1 86399