4
3 0 3
2 0 15
2 1 42
0 2 174
0 1 442
3 0 445
2 3 590
1 0 608
3 1 679
0 3 732
3 0 746
3 0 902
3 1 916
3 0 1044
2 0 1086
2 0 1098
3 2 1112
3 0 1240
3 1 1245
0 3 1265
0 2 1290
1 2 1324
0 1 1333
0 3 1582
0 2 1649
0 1 1809
1 0 1817
0 2 1964
3 0 1999
2 0 2032
3 0 2060
3 2 2089
0 2 2223
3 2 2253
0 3 2360
0 1 2386
2 0 2476
1 0 2501
1 0 2531
0 1 2621
0 1 2661
0 2 2745
2 1 2860
1 0 2861
0 3 2918
3 0 2962
1 0 2965
0 2 3063
0 1 3070
0 1 3150
0 1 3167
3 0 3309
0 3 3494
0 2 3587
1 0 3607
1 2 3649
0 1 3658
1 0 3882
0 1 3910
1 3 3917
0 3 4164
0 3 4202
2 0 4296
0 1 4333
1 0 4335
0 1 4349
0 2 4370
1 0 4442
2 0 4537
2 0 4567
0 1 4579
2 3 4694
2 0 4890
3 0 4942
2 0 4967
0 2 5019
1 0 5050
3 1 5099
2 0 5140
0 3 5161
3 0 5212
0 3 5256
0 3 5314
1 3 5349
0 2 5372
2 0 5514
3 0 5683
0 1 5709
2 0 5763
0 2 5825
0 1 5861
3 2 6010
0 3 6016
0 3 6067
0 1 6271
0 3 6324
0 1 6452
0 2 6542
0 2 6628
1 0 6629
3 0 6869
2 1 6877
1 2 7036
0 1 7062
1 0 7104
3 2 7310
0 1 7362
0 1 7550
3 0 7570
2 0 7597
2 0 7615
0 1 7645
3 0 7666
0 3 7668
0 2 7690
3 0 7743
0 3 7784
1 0 7966
0 1 7993
0 2 8011
2 0 8207
0 3 8274
2 0 8278
0 2 8281
1 0 8537
1 2 8616
0 3 8635
3 1 8683
3 0 8807
0 2 9027
1 0 9032
0 1 9040
0 3 9123
0 2 9214
3 1 9284
0 3 9340
2 0 9390
3 0 9411
1 0 9439
2 0 9453
3 1 9472
1 2 9594
1 0 9751
3 0 9813
0 2 10006
0 3 10091
0 1 10184
1 0 10368
3 0 10370
3 0 10384
3 0 10411
1 0 10471
0 2 10607
1 0 10982
2 0 11029
0 1 11033
3 0 11168
0 1 11201
1 2 11212
3 1 11227
1 3 11309
0 1 11345
3 1 11447
1 0 11472
0 1 11593
2 0 11859
0 3 11949
0 1 11964
0 1 12132
1 0 12321
0 3 12402
2 1 12495
0 1 12612
0 1 12717
0 3 12777
0 1 12850
3 0 12955
3 0 12991
1 0 13012
2 0 13051
1 0 13150
3 2 13151
0 3 13192
0 3 13247
3 0 13301
0 2 13328
0 3 13428
2 0 13649
0 1 13754
1 0 13846
0 2 13887
0 2 13909
3 0 13968
2 0 13997
1 0 14024
1 2 14120
1 2 14199
0 2 14398
2 0 14578
2 0 14627
0 1 14630
2 1 14664
0 1 14818
0 3 14828
0 1 14836
0 1 15088
3 0 15121
1 0 15148
2 1 15224
1 0 15304
1 0 15335
0 3 15344
0 1 15491
0 3 15499
0 3 15587
0 2 15590
2 0 15633
1 0 15725
0 1 15834
0 2 15974
2 3 16045
3 0 16166
1 3 16350
0 3 16535
0 2 16742
0 2 16809
1 0 16862
0 1 16914
0 3 16985
1 0 17046
0 1 17114
3 0 17126
0 2 17137
0 3 17199
0 2 17266
0 3 17323
0 2 17346
1 0 17351
3 0 17417
2 0 17662
0 1 17893
0 3 17913
1 3 17930
0 2 18126
3 0 18141
3 0 18336
1 3 18429
0 1 18476
2 0 18616
1 0 18696
0 3 18828
1 0 18854
2 0 18871
3 2 19063
3 0 19104
0 1 19313
3 1 19330
3 0 19368
0 3 19407
0 2 19471
0 3 19695
3 0 19754
3 0 19947
3 0 19994
0 2 20027
0 1 20040
0 3 20073
2 3 20187
0 2 20335
0 2 20388
2 0 20401
0 3 20427
0 2 20433
0 2 20633
0 3 20650
0 2 20728
1 2 20730
0 2 20830
0 1 20922
1 0 20936
0 2 21063
2 0 21218
1 2 21245
3 0 21249
0 2 21278
0 2 21286
2 3 21343
1 0 21429
1 0 21466
0 3 21649
2 3 21727
3 0 21800
2 0 22183
3 1 22384
3 0 22391
1 0 22455
1 0 22466
0 1 22477
3 1 22546
3 0 22718
2 0 22742
0 2 22834
2 0 22858
0 3 22933
0 2 23146
0 3 23174
3 1 23176
0 2 23300
2 0 23354
3 1 23432
3 0 23539
1 0 23570
1 0 23608
0 3 23620
0 3 23739
0 3 23764
0 3 23818
0 2 23879
0 2 23885
0 2 23904
0 2 23929
0 1 23973
0 3 24419
1 0 24456
1 0 24490
3 0 24580
1 2 24582
2 0 24700
0 1 24789
3 0 24837
0 2 24980
1 2 25039
3 0 25115
2 0 25126
1 3 25177
2 0 25425
2 0 25547
3 0 25639
0 1 25764
2 0 25819
0 3 25975
3 2 26008
0 2 26164
0 3 26435
0 1 26614
3 2 26616
0 1 26684
0 2 26818
3 0 26915
0 2 26927
0 1 27005
3 0 27088
3 0 27406
2 0 27426
0 3 27551
0 1 27706
1 0 27847
3 1 27853
0 1 27925
2 1 27951
3 2 27995
1 0 28049
0 1 28102
0 1 28115
1 0 28152
0 2 28348
1 2 28541
1 0 28544
0 3 28744
0 1 28746
1 0 28785
1 0 28786
1 0 28795