9 1
7 3 264
0 3 332
0 8 341
7 1 514
0 3 536
2 1 701
0 3 849
8 4 1019
8 6 1025
0 3 1104
0 8 1131
0 6 1272
7 2 1316
0 2 1451
4 3 1496
0 8 1514
6 4 1529
0 7 1668
0 2 1774
0 2 1876
0 6 2029
7 5 2055
0 2 2074
8 7 2079
0 8 2114
6 3 2141
0 7 2173
4 3 2256
0 7 2284
8 2 2582
7 5 2696
0 2 2767
0 1 2932
0 3 2997
0 3 3015
6 4 3143
0 1 3353
0 2 3368
4 1 3437
8 3 3561
2 1 3590
6 4 3633
3 1 3699
6 1 3987
0 5 4089
4 3 4103
0 5 4345
0 2 4454
0 6 4463
2 1 4672
8 5 4729
0 1 4948
0 1 4973
4 1 4982
0 8 5034
0 4 5177
0 6 5278
0 8 5403
5 1 5488
6 1 5498
3 1 5507
0 8 5552
6 3 5638
0 7 5677
0 6 5893
6 5 5920
0 8 5942
6 2 5986
0 4 6027
0 6 6307
3 2 6357
6 4 6656
0 3 6804
6 4 7011
6 4 7209
0 5 7243
0 7 7256
0 7 7265
0 8 7401
0 7 7535
0 1 7550
0 7 7561
4 2 7661
0 1 7727
0 7 7730
0 8 7840
5 4 7874
4 1 7898
0 3 7911
0 4 8032
5 3 8053
5 2 8064
0 5 8073
6 3 8156
8 2 8301
0 8 8350
8 5 8396
8 1 8467
0 4 8740
0 5 8778
0 4 8864
3 2 8997
7 3 9040
6 1 9129
0 5 9296
8 7 9574
0 1 9631
0 4 9713
0 8 9796
0 4 9859
0 5 9944
0 6 10064
0 6 10100
0 2 10217
0 1 10257
0 2 10349
0 4 10387
0 6 10506
3 2 10668
0 1 10682
0 3 10718
0 1 10741
0 4 10782
0 6 10860
0 1 10895
6 3 11028
0 8 11256
8 2 11341
0 3 11392
8 3 11431
0 2 11523
4 3 11608
7 1 11726
0 6 11734
0 2 12042
0 8 12109
0 7 12274
0 6 12508
0 3 12635
0 2 12649
8 2 12679
0 3 12781
0 5 12783
0 8 12963
0 1 13013
0 8 13029
0 8 13083
0 2 13120
0 8 13153
0 8 13210
7 4 13395
0 5 13610
0 2 13658
0 3 13702
3 1 13760
5 4 14051
4 3 14213
0 6 14282
6 5 14457
0 5 14502
0 2 14503
0 8 14540
0 5 14563
2 1 14593
0 8 14602
8 1 14677
0 4 14689
8 7 14748
7 6 14760
8 1 14848
8 7 14891
0 5 15044
0 8 15376
6 4 15378
0 2 15445
0 1 15686
7 6 15939
0 6 15956
0 8 16007
0 5 16065
0 3 16114
0 1 16204
8 3 16394
8 4 16552
0 6 16777
7 3 17227
0 7 17307
0 3 17479
6 4 17502
5 3 17602
0 3 17719
2 1 17736
3 2 17766
5 2 17895
0 8 18081
3 2 18098
0 7 18156
7 3 18363
0 6 18391
0 6 18399
0 4 18448
0 5 18471
0 2 18538
4 2 18543
0 6 18579
0 6 18594
0 3 18638
6 5 18697
0 2 18753
0 4 18856
0 5 18967
0 1 18969
7 1 18994
0 2 19006
0 1 19078
7 1 19171
0 2 19208
7 2 19211
0 8 19217
5 2 19332
0 6 19415
7 5 19467
0 2 19485
0 3 19518
5 2 19802
0 6 20013
0 3 20162
0 2 20251
0 5 20380
0 2 20565
5 1 20657
0 8 20658
6 1 20679
0 7 20989
0 4 21071
4 2 21159
7 6 21176
0 1 21207
5 4 21215
0 5 21388
0 6 21521
0 7 21587
0 2 21596
4 3 21619
0 1 21645
0 5 21689
4 2 21860
0 8 21960
7 5 22128
0 8 22243
0 3 22259
8 5 22353
0 2 22392
0 1 22505
0 4 22690
6 4 22725
0 3 22863
2 1 22936
8 4 23013
7 3 23061
0 3 23144
0 4 23353
0 5 23371
0 7 23456
0 1 23548
0 4 23565
5 4 23572
7 3 23605
0 3 23617
0 7 23632
0 6 23712
5 3 23727
0 3 23915
4 2 24056
0 6 24119
0 1 24288
3 1 24325
5 4 24426
6 5 24430
0 6 24566
5 3 24651
0 3 24682
5 2 24790
5 2 24831
0 8 25013
2 1 25148
0 7 25176
7 1 25224
2 1 25229
0 5 25315
0 5 25318
5 2 25401
0 6 25488
3 2 25494
0 5 25613
8 1 25653
2 1 25673
0 7 25707
0 2 25807
6 1 25847
6 1 25904
8 7 26117
7 3 26418
0 4 26647
8 4 26766
0 7 26793
0 8 26846
8 6 26903
0 6 26948
5 4 27021
0 5 27076
8 5 27101
6 5 27136
0 5 27340
0 5 27430
6 5 27496
0 4 27553
0 5 27723
0 6 27739
7 3 27865
0 7 28047
8 7 28426
0 2 28430
0 2 28453
5 4 28499
0 5 28528
0 2 28676
0 7 28693
8 2 28728
0 8 28788
0 8 28861
0 5 28879
0 6 28967
0 2 29180
0 4 29232
0 4 29243
0 2 29268
2 1 29354
0 8 29370
0 5 29469
0 1 29698
3 1 29715
7 6 29774
5 4 29780
4 2 29799
0 3 29806
3 1 29912
0 4 29944
8 5 29999
8 3 30102
8 6 30562
0 4 30727
5 2 30969
6 3 31042
0 5 31156
0 2 31310
0 1 31512
2 1 31635
8 7 31665
0 4 31816
0 3 31817
0 6 31825
0 8 31965
0 2 32037
6 2 32111
0 6 32163
6 3 32174
5 1 32311
6 2 32397
0 5 32683
4 3 32807
0 1 32847
8 5 32880
0 3 32888
2 1 33021
0 2 33121
0 2 33170
3 1 33230
3 2 33330
0 6 33482
4 2 33609
0 1 33733
0 6 33793
8 2 33838
0 5 33842
0 3 33871
0 3 33943
0 7 34185
7 4 34198
4 1 34225
0 4 34255
7 4 34413
0 6 34493
3 2 34501
0 6 34555
0 7 34641
0 4 34696
0 5 34704
0 6 34855
0 2 35025
0 7 35042
0 2 35111
0 1 35134
0 5 35150
3 2 35176
6 1 35502
0 8 35546
6 1 35587
8 2 35886
8 2 36009
0 8 36130
0 7 36287
6 5 36375
0 3 36412
0 7 36444
3 1 36703
0 5 36713
2 1 36716
0 5 36812
0 2 36847
6 5 36925
2 1 36933
6 1 36937
4 2 36971
0 2 37072
8 2 37189
0 5 37222
4 2 37330
0 7 37378
0 1 37451
6 3 37610
0 1 37666
0 4 37687
6 5 37795
0 2 37934
6 4 37988
0 1 38083
4 2 38117
3 1 38149
5 3 38159
0 2 38270
2 1 38436
7 4 38752
0 4 38785
0 2 38981
0 2 39003
7 6 39043
0 8 39168
0 4 39187
0 1 39196
0 7 39261
0 5 39354
6 3 39394
0 8 39400
0 1 39464
0 3 39621
5 3 39653
0 1 39921
0 6 39931
0 3 39955
0 8 39970
0 6 39979
7 4 40065
0 2 40068
0 1 40137
6 2 40353
3 2 40372
3 1 40417
0 6 40464
0 2 40484
0 7 40707
0 7 40716
7 1 40729
5 3 40741
3 2 40783
0 6 40910
0 4 40929
0 3 41183
8 2 41282
7 3 41306
4 3 41510
0 1 41541
5 4 41804
0 3 41836
4 3 41844
5 2 41886
5 2 42041
0 7 42048
0 8 42239
7 6 42243
0 3 42280
5 3 42489
8 1 42714
0 7 42785
6 4 42787
0 4 42916
0 8 43035
6 1 43146
0 3 43454
7 6 43647
8 2 43889
0 6 43896
0 8 43967
4 1 44008
0 4 44063
4 1 44301
5 1 44388
0 4 44517
0 3 44664
0 4 44862
6 2 44863
5 4 44966
0 2 45139
0 8 45166
3 2 45205
0 1 45229
5 1 45329
0 1 45366
0 4 45412
0 3 45432
0 2 45475
3 2 45558
7 5 45579
0 1 45697
8 1 45950
0 7 46099
0 5 46224
7 1 46256
0 7 46441
0 3 46556
0 6 46656
0 8 46662
5 4 46785
2 1 46855
7 6 46863
0 3 46988
2 1 47001
0 2 47139
0 8 47187
2 1 47201
7 6 47228
0 1 47275
0 8 47499
6 2 47502
0 6 47602
0 6 47617
5 2 47661
5 1 47714
8 7 47762
0 3 47847
8 3 47904
0 2 47946
0 4 48167
5 4 48255
0 5 48286
4 3 48468
3 1 48831
5 1 48989
0 8 49028
0 3 49207
0 8 49213
0 8 49290
0 4 49547
2 1 49609
8 7 49642
0 6 49680
0 1 49760
0 2 49786
0 6 50014
6 4 50025
6 5 50384
5 1 50496
2 1 50564
0 7 50626
0 4 50803
4 3 50833
0 2 50835
5 3 50953
0 1 50958
0 5 51044
7 4 51062
0 7 51108
0 2 51253
0 5 51266
2 1 51268
0 3 51322
8 5 51336
0 2 51342
0 6 51352
0 2 51397
0 1 51456
0 1 51459
3 2 51468
7 5 51530
7 6 51546
0 5 51580
0 3 51679
5 2 52078
7 2 52095
7 4 52188
5 2 52217
0 5 52431
6 2 52605
4 2 52677
0 8 52718
0 2 52727
7 5 52746
0 6 52771
5 3 52937
0 8 53057
3 1 53090
6 4 53096
8 1 53102
0 7 53145
6 4 53435
4 2 53642
0 2 53675
2 1 53682
0 7 53877
6 3 53982
0 7 54014
0 6 54097
6 4 54130
0 8 54176
7 5 54404
3 2 54443
2 1 54574
0 4 54606
7 1 54676
0 2 54774
0 5 54782
8 4 54791
0 4 54862
0 6 54944
4 3 55340
0 6 55342
2 1 55463
0 4 55529
6 5 55564
7 4 55614
0 7 55625
4 1 55682
0 8 55688
7 3 55938
2 1 56240
0 5 56419
0 8 56637
0 1 56670
5 1 56718
0 8 56729
0 3 56793
3 1 56894
5 4 56923
7 1 57047
0 6 57173
0 1 57196
7 1 57297
6 5 57300
0 5 57419
0 5 57494
6 5 57504
4 3 57579
0 7 57600
0 1 57728
5 2 57899
0 2 57960
8 3 57982
7 6 57992
0 3 58296
0 4 58368
0 6 58696
5 1 58759
0 1 58816
0 4 58851
0 2 58923
8 5 59145
0 1 59188
0 3 59309
7 6 59355
0 7 59454
0 6 59520
0 2 59673
0 2 59697
0 5 59754
0 8 59890
6 1 59973
7 2 60147
8 2 60261
0 4 60279
2 1 60347
0 6 60708
8 1 60790
0 4 60856
3 2 60902
8 3 61098
0 2 61134
6 2 61241
0 2 61339
0 8 61481
7 6 61509
4 3 61563
0 3 61614
0 6 61618
5 1 61689
0 7 61756
0 1 61766
0 5 61828
5 2 61870
0 8 62032
0 4 62041
0 6 62063
5 3 62317
0 5 62321
8 7 62441
0 5 62454
0 4 62559
3 2 62639
7 5 62651
5 3 62795
4 3 62861
0 3 62920
0 8 62931
0 1 62978
0 1 62982
0 3 63068
0 5 63119
8 5 63180
2 1 63214
3 2 63256
0 8 63326
0 8 63409
0 8 63436
0 7 63476
6 3 63682
0 3 63727
0 3 63733
3 2 63930
5 1 64017
0 8 64079
0 2 64154
0 6 64386
5 1 64499
0 5 64522
0 3 64569
0 2 64681
0 3 64891
0 7 65098
0 4 65145
4 1 65209
0 1 65263
0 2 65299
8 2 65301
8 3 65415
0 6 65432
0 2 65495
0 4 65554
0 4 65599
4 1 65633
0 5 65634
3 1 65668
3 1 65688
0 2 65705
0 5 65709
0 2 65718
0 3 65780
4 1 65885
7 3 66028
0 3 66057
0 2 66067
0 4 66072
4 3 66168
0 8 66173
6 5 66228
0 3 66362
0 2 66589
0 5 66713
5 1 67029
0 5 67068
3 2 67358
0 4 67405
5 1 67469
6 1 67493
0 3 67549
6 3 67576
0 4 67670
0 2 68035
0 4 68037
0 4 68115
0 1 68153
0 8 68245
0 8 68249
7 6 68310
0 3 68423
4 1 68436
3 1 68513
0 6 68567
8 6 68575
0 5 68654
4 2 68693
0 5 68838
0 5 69058
0 8 69141
7 6 69218
0 2 69261
0 1 69422
0 8 69458
0 2 69463
0 4 69470
7 4 69600
0 5 69656
0 5 69667
0 8 69693
7 4 69716
3 2 69769
7 5 69774
0 5 69856
0 5 69867
6 5 69996
0 2 70142
0 6 70237
2 1 70283
0 6 70295
0 6 70469
0 2 70510
3 1 70612
6 5 70658
0 7 70688
0 7 70817
5 4 70925
2 1 71011
3 1 71180
2 1 71282
4 3 71343
4 1 71369
4 3 71470
0 6 71622
8 2 71655
3 1 71842
0 3 71951
6 4 71980
4 3 71996
0 6 72087
2 1 72126
3 1 72198
7 2 72221
3 1 72444
0 1 72453
2 1 72470
7 3 72638
0 3 72662
4 3 72760
3 2 72875
7 5 73053
0 8 73099
7 3 73127
0 2 73181
0 4 73283
0 2 73286
5 2 73343
0 6 73804
0 2 73866
0 3 73872
0 1 73905
3 2 73925
0 2 73958
4 1 74068
2 1 74141
8 5 74168
3 2 74482
7 5 74514
0 7 74530
3 1 74736
4 3 74944
0 8 75092
0 8 75110
7 1 75162
0 1 75180
8 4 75283
7 1 75349
0 2 75417
0 4 75443
0 8 75465
0 1 75540
0 1 75654
0 1 75734
0 3 75759
0 5 75812
7 5 76005
7 2 76093
3 2 76169
6 4 76208
0 8 76541
7 1 76574
0 4 76676
0 4 76725
0 3 76902
6 3 76920
7 2 76945
5 4 77131
7 3 77159
5 1 77160
6 4 77173
8 4 77206
3 1 77615
0 3 77655
0 8 77658
0 8 77665
5 1 77725
4 1 77903
5 2 78069
0 5 78109
6 1 78137
0 8 78147
0 7 78235
0 8 78473
2 1 78518
8 4 78586
0 6 78593
8 5 78670
0 4 78679
0 8 78702
0 4 78767
0 3 78888
0 5 78902
8 2 78921
0 6 79076
0 4 79130
8 7 79444
0 6 79495
4 3 79654
4 3 79689
0 2 79733
0 6 79750
0 3 79901
0 5 79995
6 3 80030
0 3 80073
0 4 80075
5 4 80143
4 3 80159
0 2 80347
0 4 80390
6 5 80469
6 3 80492
5 4 80690
0 7 80739
6 3 81050
0 4 81106
5 4 81127
0 1 81277
0 2 81290
0 6 81468
3 1 81526
7 6 81534
0 6 81575
7 3 81666
0 7 81710
7 6 81897
0 1 81957
6 4 82026
7 2 82344
2 1 82367
7 3 82707
0 8 82768
0 5 82789
6 5 82793
4 1 82875
0 8 82939
6 5 82984
6 3 83019
4 3 83106
8 1 83168
6 4 83179
5 3 83194
3 1 83362
7 4 83478
7 6 83501
6 3 83569
5 4 83660
8 6 83719
6 1 83791
6 5 83870
2 1 83888
6 2 84000
4 3 84060
8 2 84075
8 5 84088
5 1 84136
7 2 84184
5 1 84212
8 7 84317
3 1 84510
5 2 84618
2 1 84684
2 1 84758
3 1 84805
5 1 84850
6 3 84883
6 1 85143
8 5 85176
4 1 85227
7 4 85591
3 1 85704
4 2 85721
6 1 85917
8 2 85945
6 1 85951
8 7 85973
8 1 86026
4 1 86271
0 1 86399