3 1
2 1 7
2 1 40
2 1 107
2 1 114
0 2 269
0 2 293
0 2 294
0 2 510
0 2 641
0 1 651
0 1 671
2 1 682
2 1 716
0 2 855
2 1 924
0 2 961
0 1 1180
2 1 1196
0 1 1247
0 1 1350
2 1 1373
0 2 1439
0 2 1477
0 2 1574
0 1 2272
2 1 2282
0 1 2295
0 2 2322
2 1 2362
0 2 2693
2 1 2898
0 1 2925
0 2 2970
0 1 2980
2 1 3053
2 1 3149
0 2 3286
2 1 3487
0 1 3506
0 1 3584
0 1 3697
2 1 3810
2 1 3936
0 1 3977
0 1 4006
2 1 4161
0 2 4224
2 1 4267
0 2 4343
2 1 4425
2 1 4562
0 2 4612
0 2 4643
0 2 4649
0 2 4663
2 1 4753
2 1 5056
0 2 5124
2 1 5443
0 1 5517
0 2 5569
0 2 5768
2 1 5917
0 1 5951
0 1 6319
0 1 6329
0 1 6412
0 2 6427
2 1 6529
0 1 6540
0 1 6562
2 1 6647
0 2 6656
2 1 6737
2 1 6742
0 1 7216
0 2 7269
0 2 7280
0 1 7283
0 2 7349
0 2 7382
0 1 7464
2 1 7666
2 1 7708
0 2 7803
0 2 7917
0 2 7928
2 1 7937
0 1 8041
2 1 8094
2 1 8118
2 1 8139
2 1 8224
2 1 8243
0 1 8255
0 2 8325
0 2 8373
0 2 8523
2 1 8537
2 1 8735
2 1 8770
0 1 8917
2 1 8928
2 1 8992
0 1 9124
0 2 9428
0 2 9547
2 1 9740
2 1 9757
0 2 9844
0 1 9880
0 2 9984
0 1 10058
0 1 10173
0 1 10277
2 1 10286
2 1 10434
0 2 10464
0 2 10488
0 1 10587
0 2 10594
0 1 10671
2 1 10696
0 2 10708
2 1 10752
0 2 10807
2 1 10843
0 1 10849
2 1 10982
0 2 11435
0 1 11472
2 1 11482
0 1 11687
2 1 11800
0 1 11994
0 2 12018
0 1 12146
2 1 12147
2 1 12149
0 2 12154
2 1 12183
2 1 12206
2 1 12241
0 1 12250
0 2 12347
0 1 12380
0 2 12425
0 2 12720
2 1 12728
2 1 12735
0 1 12773
0 1 12829
0 2 12841
2 1 12855
2 1 12967
0 2 13024
0 2 13078
0 2 13152
0 1 13250
2 1 13281
0 1 13299
2 1 13387
0 2 13403
0 1 13440
0 2 13461
2 1 13561
0 1 14108
0 1 14219
0 2 14247
0 1 14357
0 2 14449
2 1 14454
2 1 14460
0 1 14499
0 1 14584
0 1 14700
2 1 14703
0 2 14881
0 2 14917
0 1 14938
0 1 14993
0 2 15104
0 2 15195
0 2 15244
2 1 15245
0 2 15435
2 1 15936
2 1 16075
0 1 16096
0 2 16097
2 1 16141
0 2 16151
0 2 16185
0 2 16251
2 1 16304
2 1 16472
0 2 16551
0 2 16611
0 1 16670
0 2 16677
0 2 16718
2 1 16729
0 1 16779
2 1 16809
0 1 16974
0 2 16995
0 2 17105
0 2 17125
0 1 17143
0 2 17215
0 1 17300
2 1 17433
0 2 17547
0 1 17562
0 1 17578
0 1 17606
0 2 17648
0 1 17718
0 2 17729
2 1 17750
0 1 17815
0 2 17920
0 2 17931
0 1 17998
0 2 18013
0 2 18132
0 2 18219
2 1 18414
2 1 18562
0 2 18569
0 2 18838
2 1 18914
0 2 19102
0 1 19210
0 2 19412
0 2 19524
0 2 19548
0 2 19621
0 2 19761
2 1 19795
2 1 19803
2 1 19825
2 1 19845
2 1 19896
0 2 19912
0 1 19920
2 1 19985
2 1 20078
0 1 20082
0 1 20095
0 2 20209
2 1 20238
2 1 20324
2 1 20463
0 2 20499
0 2 20507
0 1 20732
0 1 20829
0 1 20859
0 2 21096
0 2 21354
2 1 21524
0 1 21568
0 2 21590
2 1 21708
0 1 21815
0 1 21822
0 1 21912
0 2 21951
2 1 21968
0 1 22022
2 1 22144
0 2 22430
2 1 22635
2 1 22639
0 1 22769
0 1 22779
2 1 22840
0 1 22962
0 1 23007
2 1 23070
0 2 23133
0 1 23171
2 1 23172
0 1 23199
2 1 23256
2 1 23298
0 2 23401
0 1 23441
0 1 23454
0 1 23461
0 1 23509
0 1 23683
2 1 23787
2 1 24039
0 1 24239
0 2 24306
0 1 24338
0 2 24395
0 2 24439
0 2 24441
0 1 24463
2 1 24542
2 1 24687
0 2 24733
0 2 24778
0 1 24794
0 1 24858
2 1 24981
0 1 24986
0 2 24998
2 1 25033
0 2 25127
0 1 25172
2 1 25193
0 2 25210
0 2 25242
0 2 25244
2 1 25281
0 2 25284
0 2 25327
0 1 25359
0 1 25407
0 1 25437
2 1 25816
0 2 26280
0 2 26379
0 2 26479
0 1 26497
0 2 26771
2 1 26784
0 2 26864
0 1 26881
0 1 26894
0 1 27003
0 1 27156
0 1 27206
0 2 27434
2 1 27607
0 2 27628
2 1 27689
0 1 27960
0 2 27977
0 1 28097
0 2 28148
2 1 28216
0 1 28354
2 1 28388
0 1 28760
2 1 28769
2 1 28829
2 1 28840
0 2 28952
2 1 29040
0 2 29168
0 1 29169
2 1 29258
0 2 29635
2 1 29670
0 2 29746
0 1 29766
0 2 29966
2 1 29994
0 2 30052
2 1 30115
0 1 30279
0 1 30323
0 2 30451
2 1 30610
0 2 30663
0 1 30718
0 2 30765
0 1 30769
0 1 30851
2 1 30894
2 1 30972
0 1 31162
0 2 31246
0 2 31444
0 2 31657
0 2 31861
2 1 32051
0 1 32285
2 1 32315
0 2 32418
0 1 32539
0 2 32550
0 2 32601
2 1 32750
0 1 32755
0 2 32834
0 2 32878
0 1 33026
0 2 33121
0 1 33244
2 1 33390
0 2 33461
2 1 33571
0 2 33579
0 2 33685
0 1 33911
0 1 34072
2 1 34113
2 1 34205
0 1 34368
0 1 34677
2 1 34936
0 2 35025
0 1 35264
2 1 35277
2 1 35317
0 2 35323
0 1 35416
0 1 35749
0 2 35836
0 2 35919
0 2 36028
0 2 36147
0 2 36191
0 2 36211
2 1 36274
0 1 36619
0 1 36711
2 1 36727
0 2 36822
0 1 37249
0 1 37339
2 1 37369
0 1 37411
0 2 37475
2 1 37578
0 1 37597
0 2 37710
2 1 37747
0 1 37790
2 1 37838
0 1 37931
0 1 38041
0 1 38091
0 2 38225
0 1 38290
2 1 38375
0 1 38401
0 2 38404
0 2 38457
2 1 38547
0 1 38758
0 2 38759
0 2 38810
2 1 39077
0 1 39079
2 1 39128
0 2 39145
0 2 39147
0 2 39284
0 2 39360
0 1 39407
0 1 39421
0 2 39423
2 1 39436
0 2 39472
0 2 39617
2 1 39721
2 1 39769
0 2 39826
0 1 39933
0 2 39957
0 1 40008
0 1 40031
0 1 40220
2 1 40277
2 1 40337
0 2 40412
0 2 40578
0 1 40656
0 1 40659
2 1 40724
2 1 40765
0 1 41013
2 1 41045
0 1 41133
0 2 41199
0 1 41227
0 1 41312
0 2 41315
0 2 41329
0 1 41462
2 1 41544
0 1 41562
0 2 41801
0 1 41850
0 2 41892
0 2 42136
2 1 42204
0 2 42335
0 1 42387
0 2 42495
2 1 42540
2 1 42586
2 1 42681
0 1 42752
0 1 42795
2 1 42900
0 2 42939
2 1 43318
0 1 43335
0 2 43381
0 1 43398
0 1 43400
0 1 43521
0 2 43526
2 1 43574
0 1 43669
0 1 43670
2 1 43692
0 1 43703
0 1 43708
0 2 43752
2 1 43792
0 1 43808
2 1 44068
2 1 44169
0 2 44210
2 1 44247
0 2 44342
2 1 44343
0 1 44511
0 2 44658
2 1 44688
2 1 44695
0 1 44716
0 1 44721
0 2 44843
0 2 44901
0 1 45152
0 1 45234
0 2 45254
2 1 45280
0 2 45465
2 1 45481
0 2 45779
2 1 45817
2 1 45956
0 2 46129
0 1 46375
0 1 46748
0 2 46867
0 2 46872
0 1 46959
0 1 47191
0 1 47332
0 1 47357
0 2 47385
0 1 47437
0 1 47440
0 1 47574
2 1 47595
0 1 47624
0 2 47641
2 1 47810
2 1 47971
2 1 48070
0 2 48214
0 1 48314
0 2 48489
2 1 48850
0 1 48949
2 1 48954
0 2 49076
0 2 49085
2 1 49152
2 1 49677
2 1 49767
2 1 49832
0 1 49893
0 2 50179
0 1 50219
2 1 50351
0 2 50364
0 1 50374
0 2 50426
0 2 50797
2 1 50836
0 1 50862
0 2 50869
0 2 50956
0 1 51018
2 1 51062
2 1 51131
0 1 51339
0 2 51354
0 1 51390
0 1 51411
2 1 51488
0 2 51507
0 2 51619
2 1 51711
0 2 51988
0 2 52128
2 1 52279
0 1 52555
0 2 52558
0 1 52574
0 1 52624
0 2 52776
2 1 52820
0 2 52853
2 1 52996
2 1 53093
2 1 53136
2 1 53154
0 2 53188
0 1 53198
0 2 53260
0 2 53262
0 2 53302
0 1 53312
0 2 53322
0 1 53525
0 2 53539
0 1 53666
0 1 53707
0 2 53708
0 1 53968
0 2 54312
0 2 54331
0 1 54401
2 1 54423
0 1 54682
2 1 54824
0 2 54845
2 1 55027
0 2 55048
0 2 55107
2 1 55218
0 2 55294
0 1 55300
0 1 55426
0 1 55569
2 1 55597
0 1 55656
0 1 55877
0 2 55954
2 1 55990
0 1 56057
2 1 56199
0 1 56271
0 1 56311
0 1 56313
0 2 56361
0 2 56381
0 1 56410
2 1 56459
2 1 56667
0 1 56800
2 1 56886
0 2 56968
0 2 57011
0 2 57063
0 2 57142
0 2 57155
0 1 57185
2 1 57193
0 2 57241
0 1 57269
0 2 57311
2 1 57449
2 1 57478
0 1 57545
0 1 57613
2 1 57729
0 2 57790
2 1 58044
0 1 58050
2 1 58179
0 1 58252
2 1 58289
0 2 58328
2 1 58364
0 2 58424
2 1 58430
0 2 58569
0 1 58610
2 1 58646
0 1 58677
0 1 58770
0 1 58962
0 1 59044
0 1 59067
0 2 59205
0 1 59208
0 2 59219
2 1 59296
0 1 59423
0 1 59434
2 1 59454
0 1 59505
0 1 59668
0 2 59744
0 1 59852
0 2 59893
0 1 59928
0 1 59933
2 1 59965
0 2 60026
2 1 60061
0 1 60063
2 1 60230
0 1 60372
0 1 60426
0 1 60446
0 2 60589
2 1 60663
0 1 60706
2 1 60764
0 2 60808
2 1 60851
0 2 61012
0 1 61257
0 1 61352
0 2 61379
0 2 61440
2 1 61445
2 1 61542
0 1 61619
2 1 61809
0 2 61993
0 2 61997
0 2 62019
0 1 62058
0 1 62128
0 2 62250
2 1 62266
2 1 62269
0 1 62306
2 1 62318
0 1 62398
0 2 62456
0 2 62499
0 1 62529
2 1 62743
0 2 62754
0 2 62899
0 1 62911
0 2 62919
0 1 62936
0 1 63185
2 1 63281
0 2 63358
2 1 63614
0 1 63660
0 2 63777
0 2 63784
0 1 63792
2 1 63842
0 2 64052
0 1 64210
0 2 64462
0 2 64555
2 1 64567
0 1 64570
2 1 64623
0 2 64784
0 2 64859
2 1 64965
0 1 64987
0 2 65031
0 2 65088
2 1 65174
0 1 65184
2 1 65350
0 1 65593
0 2 65604
0 2 65635
0 1 65651
0 1 65734
0 2 65789
0 1 65833
0 1 65865
0 1 66101
0 1 66132
2 1 66302
0 2 66304
0 1 66336
2 1 66342
0 2 66381
0 1 66403
2 1 66526
2 1 66565
2 1 66614
2 1 66705
0 2 66707
2 1 66743
0 1 66797
2 1 66810
0 2 66824
0 2 66881
0 1 67079
2 1 67152
0 2 67167
2 1 67238
0 1 67334
0 2 67453
2 1 67492
2 1 67824
0 1 67907
0 1 68472
2 1 68599
2 1 68609
2 1 68845
0 2 68864
0 1 68930
0 1 69015
0 2 69027
2 1 69060
2 1 69200
0 2 69232
0 1 69344
0 1 69359
0 2 69470
2 1 69524
0 1 69557
0 2 69787
0 1 69861
0 1 69864
0 2 69890
0 1 69982
0 1 70040
0 1 70054
0 1 70322
0 1 70327
2 1 70435
2 1 70459
0 1 70467
2 1 70486
0 1 70593
2 1 70595
0 2 70745
2 1 70746
0 2 70939
2 1 70972
0 2 70975
0 2 71006
2 1 71024
0 1 71134
0 2 71179
0 1 71186
0 2 71196
0 2 71337
0 2 71384
0 2 71492
0 1 71523
0 2 71603
2 1 71613
0 1 71642
2 1 71722
2 1 71962
0 1 72024
0 2 72027
0 2 72108
0 2 72173
0 1 72179
0 1 72247
2 1 72254
0 2 72408
2 1 72566
2 1 72755
2 1 73062
2 1 73076
0 1 73327
0 2 73359
0 2 73387
0 1 73456
2 1 73503
0 2 73652
0 1 73679
0 2 73772
0 1 73804
2 1 73837
0 2 73915
2 1 73976
0 2 74201
2 1 74273
0 2 74286
0 1 74287
0 1 74314
0 1 74438
0 1 74475
0 1 74495
0 2 74516
0 2 74535
0 1 74689
0 1 74729
0 2 74804
0 1 74857
0 1 74915
0 1 74943
0 1 74968
2 1 75051
2 1 75109
2 1 75146
0 2 75160
0 1 75192
0 1 75297
0 1 75325
0 1 75379
0 2 75478
2 1 75496
0 1 75531
0 1 75641
0 1 75660
2 1 75672
2 1 75753
0 1 75795
0 2 75838
0 1 75863
0 1 75893
0 1 75929
0 1 76082
0 2 76098
2 1 76143
2 1 76256
0 1 76285
0 1 76340
2 1 76426
0 1 76562
0 1 76617
0 2 76754
0 1 76891
0 2 76906
2 1 76934
0 1 76946
0 1 76984
2 1 77002
0 2 77095
0 2 77174
0 1 77216
0 2 77218
0 2 77232
0 2 77332
0 1 77529
0 1 77540
0 2 77550
0 2 77645
2 1 77696
0 2 77927
0 2 77964
0 1 77989
2 1 78037
0 1 78064
0 2 78142
0 1 78149
2 1 78214
2 1 78356
0 2 78362
0 2 78379
0 2 78402
0 2 78464
2 1 78555
0 2 78669
2 1 78871
0 2 79009
0 1 79052
2 1 79075
0 2 79090
0 1 79097
2 1 79123
2 1 79151
0 2 79233
2 1 79297
0 1 79352
2 1 79667
0 1 79695
2 1 79697
0 1 79740
2 1 79785
2 1 79797
0 2 79856
0 1 79860
0 2 79930
0 1 79957
0 1 80058
0 2 80173
2 1 80224
0 2 80240
0 1 80304
0 2 80307
2 1 80317
2 1 80377
2 1 80382
2 1 80385
2 1 80550
0 1 80589
0 1 80625
0 1 80644
2 1 80693
0 2 80772
2 1 80867
0 1 80978
0 2 81133
0 1 81189
0 1 81438
2 1 81541
0 1 81585
0 2 81903
0 1 82207
0 1 82476
0 1 82483
0 2 82499
0 1 82591
2 1 82676
0 1 82720
0 1 82769
0 2 82912
0 1 82967
2 1 83095
2 1 83180
2 1 83259
2 1 83269
2 1 83280
2 1 83341
2 1 83377
2 1 83478
2 1 83518
2 1 83848
2 1 83995
2 1 84016
2 1 84070
2 1 84073
2 1 84169
2 1 84322
2 1 84329
2 1 84407
2 1 84432
2 1 84474
2 1 84789
2 1 84795
2 1 84826
2 1 84949
2 1 84986
2 1 85360
2 1 85482
2 1 85535
2 1 85706
2 1 85716
2 1 85867
2 1 85868
2 1 85998
2 1 86097
2 1 86103
2 1 86124
2 1 86225
2 1 86264
2 1 86278
2 1 86325
0 1 86399