11 4
0 5 242
4 3 265
4 1 589
0 5 610
0 4 686
7 3 688
0 5 709
7 4 846
0 9 911
0 6 1033
0 6 1082
6 3 1107
0 6 1234
0 10 1241
0 8 1271
0 6 1348
6 3 1351
6 5 1425
6 5 1475
2 1 1490
4 2 1534
0 7 1535
0 3 1566
5 2 1611
6 2 1912
0 10 1969
9 6 2121
7 6 2332
4 1 2440
0 4 2658
5 4 2705
0 6 2726
0 3 2924
0 8 2957
2 1 2973
0 8 3037
9 3 3059
5 1 3122
0 7 3243
8 2 3288
6 2 3310
5 2 3319
7 2 3348
0 8 3423
10 6 3465
0 8 3467
0 7 3518
2 1 3519
0 7 3535
0 4 3575
0 9 3678
4 3 3787
0 10 3792
0 7 3944
4 2 3972
0 4 4176
2 1 4266
8 1 4335
0 2 4362
0 2 4400
0 6 4425
0 8 4481
0 9 4585
0 3 4724
7 5 5018
0 1 5073
0 5 5254
0 9 5315
0 8 5380
5 3 5386
0 5 5514
0 7 5553
8 4 5771
0 10 5947
5 4 5962
3 1 6028
5 3 6037
3 1 6088
0 9 6165
0 7 6202
0 7 6301
10 6 6326
0 1 6339
6 4 6373
0 3 6386
6 5 6414
0 2 6504
0 4 6677
0 9 6790
6 4 6902
0 1 7037
0 8 7136
9 1 7204
6 3 7421
6 3 7658
4 1 7712
0 4 7757
0 10 7813
5 4 8245
8 7 8251
0 8 8289
6 2 8326
5 1 8336
0 1 8353
0 6 8410
0 8 8503
3 1 8524
0 4 8624
8 4 8627
0 10 8746
6 3 8813
0 5 8854
10 1 8949
0 7 8984
0 3 9070
0 4 9280
0 9 9361
9 5 9402
0 10 9427
6 2 9519
0 9 9670
8 2 9682
0 3 9745
0 6 9767
0 5 9822
5 3 9987
10 6 10179
10 5 10198
3 2 10257
0 7 10330
10 6 10377
10 6 10743
0 4 10791
0 1 10795
8 6 10917
0 6 11024
6 4 11079
0 4 11084
10 8 11104
2 1 11155
9 1 11177
9 1 11330
0 5 11525
8 7 11766
9 4 11921
5 3 11954
10 8 11994
8 1 12134
0 8 12298
0 2 12442
0 6 12483
6 4 12501
6 4 12811
0 1 12904
9 4 13061
6 5 13071
0 3 13076
0 2 13091
4 2 13121
0 1 13162
0 2 13230
0 4 13551
4 1 13594
0 7 13699
5 4 13707
0 3 13747
0 9 13901
5 2 13907
7 4 13946
0 7 14028
0 1 14037
10 2 14089
8 1 14185
0 5 14261
5 1 14318
2 1 14439
0 7 14571
0 8 14640
8 1 14683
4 1 15118
4 3 15196
0 5 15246
0 8 15365
0 8 15383
0 3 15517
0 2 15540
2 1 15661
10 7 15784
7 5 16009
6 4 16036
0 7 16112
6 2 16128
0 10 16292
0 5 16295
0 1 16611
0 5 16636
0 3 16701
0 6 17003
0 9 17006
5 4 17035
0 10 17487
0 6 17596
6 1 17764
0 4 17858
0 3 18048
0 7 18076
0 9 18104
8 6 18183
0 3 18305
0 8 18328
0 6 18363
6 2 18418
0 2 18500
8 5 18557
0 10 18792
0 10 18919
7 5 19171
0 1 19310
6 5 19331
0 1 19398
9 3 19411
0 7 19546
0 3 19552
10 6 19556
0 3 19742
0 1 19826
5 3 19933
4 1 19970
0 1 20072
0 10 20082
6 3 20146
10 8 20161
0 5 20211
0 5 20272
0 3 20428
3 2 20544
0 2 20639
5 3 20703
0 7 20708
0 3 20831
6 5 20852
0 1 21040
0 9 21046
8 4 21261
0 7 21307
0 3 21391
0 1 21543
0 5 21638
0 1 21779
10 8 21872
0 5 21994
0 2 22029
0 6 22090
0 8 22156
9 2 22221
0 6 22229
9 5 22347
0 6 22674
0 2 22742
8 7 22768
0 8 22845
0 8 22849
9 6 22971
0 10 23185
6 3 23213
0 8 23300
0 4 23337
0 9 23373
0 1 23449
4 3 23520
10 3 23538
0 3 23539
5 4 23898
0 8 23922
4 1 23930
4 2 23948
0 2 24212
0 9 24233
2 1 24289
6 5 24369
9 8 24447
0 6 24784
0 5 24836
7 5 24903
0 5 25006
0 7 25029
0 7 25054
8 4 25055
10 3 25098
7 6 25221
0 9 25248
0 6 25369
6 1 25503
0 8 25689
0 3 25751
0 6 25839
8 2 25888
0 1 25950
0 4 26040
3 1 26074
0 9 26173
0 9 26200
0 1 26381
0 9 26391
0 8 26446
0 10 26560
7 4 26572
8 3 26620
0 7 26629
7 4 26640
0 2 26678
0 6 26717
0 6 26836
0 4 26841
0 3 26909
4 2 26954
10 9 26958
6 2 27058
0 2 27063
7 2 27274
2 1 27365
8 2 27633
0 6 27740
6 5 27940
0 4 27993
0 6 28048
0 1 28120
10 9 28124
0 10 28175
0 4 28256
4 1 28264
0 5 28479
0 8 28488
0 7 28586
0 1 28792
7 3 29039
0 10 29147
9 7 29203
7 4 29219
0 4 29275
0 4 29383
5 2 29695
2 1 29703
9 8 29855
3 2 29886
4 2 29928
0 3 30278
2 1 30362
7 1 30390
0 5 30423
0 3 30867
8 1 30996
0 1 31213
3 1 31330
0 9 31366
0 2 31460
0 6 31559
0 6 31621
0 9 31790
3 2 31831
0 3 31840
0 10 31853
0 9 31917
8 4 32062
10 2 32087
0 5 32236
5 1 32280
8 3 32326
0 5 32439
7 3 32492
5 2 32628
8 4 32892
0 7 32936
0 8 33148
0 4 33166
7 4 33254
0 8 33574
3 2 33647
0 5 33905
0 6 34069
10 1 34098
0 7 34118
9 8 34186
0 2 34232
0 4 34248
0 5 34278
6 3 34302
9 2 34380
0 4 34390
10 2 34514
0 1 34651
0 10 34681
3 2 34691
0 9 34741
0 3 34819
0 2 34918
5 1 34965
5 2 34997
0 9 35089
5 2 35161
0 6 35169
6 4 35204
0 5 35217
0 5 35348
7 2 35544
6 5 35680
0 5 35683
0 9 35728
0 2 35899
10 4 36049
0 10 36107
5 4 36210
0 5 36288
0 1 36357
0 7 36421
0 8 36638
0 10 36667
6 4 36803
5 3 37148
7 1 37245
3 1 37638
0 1 37639
2 1 37645
0 9 37712
0 9 37838
4 1 37868
2 1 37886
0 4 38085
0 4 38090
0 5 38198
0 3 38237
0 2 38252
0 5 38315
5 3 38435
0 3 38771
5 2 38772
8 7 38843
6 2 39039
3 1 39093
9 4 39134
4 3 39298
0 2 39408
8 4 39431
0 3 39450
0 5 39845
9 5 39908
0 9 39989
0 10 40251
8 6 40329
10 1 40393
4 2 40663
0 8 40745
10 9 40764
0 4 40879
9 3 40909
0 3 41048
0 1 41110
0 9 41207
0 3 41213
0 2 41266
6 3 41503
0 6 41599
8 2 41607
9 2 41659
0 5 41690
0 4 41825
6 2 41983
3 1 42162
0 5 42166
0 6 42232
0 6 42444
7 5 42551
6 4 42566
0 6 42624
5 4 42789
0 1 42854
0 6 42913
6 4 42993
0 1 43032
5 1 43107
0 4 43203
0 3 43235
8 1 43304
3 2 43355
8 7 43493
0 8 43496
8 6 43654
0 7 43854
4 1 43876
0 10 43968
0 5 44060
0 8 44180
0 10 44425
0 2 44587
0 9 44653
0 1 44806
4 3 44855
0 3 44938
0 6 45448
0 8 45533
0 5 45577
0 3 45580
0 10 45808
0 5 45817
0 2 46282
0 4 46395
0 2 46484
10 5 46630
0 4 46685
8 2 46707
0 5 46801
0 5 46822
0 7 46855
0 3 46878
0 10 46952
3 2 47047
0 6 47061
0 2 47173
8 1 47241
8 1 47256
3 2 47296
5 4 47378
0 8 47555
0 10 47668
0 9 47697
7 6 47791
0 2 47889
0 2 47945
3 2 47979
0 10 47995
10 4 48049
3 2 48055
8 4 48169
0 1 48187
0 2 48398
0 1 48655
0 8 48711
0 9 48735
3 1 48849
5 2 48971
0 8 49007
8 7 49232
0 7 49313
6 5 49397
2 1 49463
0 4 49625
0 5 49694
4 2 49719
0 2 49746
0 1 49772
3 2 50072
0 2 50131
0 2 50184
4 3 50290
0 10 50359
0 3 50377
9 8 50422
7 1 50441
6 2 50445
5 3 50554
9 1 50601
8 6 50647
4 1 50688
8 6 50727
0 6 50916
0 10 50986
0 2 51158
0 10 51193
0 6 51327
0 1 51500
0 7 51540
0 9 51569
0 6 51575
4 1 51605
10 3 51813
0 8 52120
0 3 52255
0 5 52537
4 3 52583
10 2 52669
0 3 52790
0 9 52842
10 4 52863
7 3 53227
9 6 53495
9 8 53541
2 1 53557
6 2 53618
0 10 53953
0 8 54147
0 7 54223
0 8 54351
10 3 54374
10 7 54576
0 3 54791
8 3 54857
0 6 54859
0 6 54958
7 3 55299
0 9 55395
10 3 55524
0 9 55566
9 2 55660
0 7 55681
0 2 55700
9 2 55826
0 3 55888
0 6 55907
0 10 55941
0 4 55958
4 2 55974
0 5 56008
10 8 56010
10 4 56033
0 6 56084
0 10 56223
0 5 56224
0 3 56239
6 1 56299
0 3 56306
0 6 56374
6 5 56452
5 4 56614
0 2 56671
3 1 56819
9 8 56911
6 4 57074
0 6 57098
0 1 57109
6 1 57124
9 1 57244
0 7 57261
2 1 57286
3 2 57529
4 3 57586
0 10 57835
10 6 57842
0 3 57985
0 6 57990
9 3 58123
0 4 58254
0 10 58270
6 5 58325
0 5 58417
0 8 58492
0 1 58614
0 6 58622
0 5 58624
9 5 58890
0 4 59019
0 4 59063
2 1 59193
0 1 59211
10 4 59243
0 6 59319
0 2 59411
0 9 59453
5 4 59558
0 5 59570
0 2 59661
0 7 59675
9 4 59740
0 8 59827
0 4 59841
0 6 59879
10 7 59917
0 7 59919
8 6 60058
0 1 60069
0 3 60355
0 2 60585
8 1 60627
0 4 60720
0 5 60743
7 3 60746
4 2 60844
0 6 60851
6 5 60925
7 4 60938
0 8 61076
5 4 61089
0 8 61116
10 1 61137
10 9 61252
0 5 61319
10 6 61363
0 2 61401
4 2 61604
9 1 61607
5 3 62027
4 2 62070
0 5 62155
4 1 62208
8 3 62282
0 4 62592
0 3 62631
5 3 62836
5 3 62890
10 1 62912
0 5 63183
0 1 63357
8 6 63572
0 1 63754
7 1 63869
0 2 63880
10 1 63894
0 7 64029
10 3 64052
0 2 64234
5 4 64260
0 7 64266
8 5 64302
10 3 64360
4 3 64379
0 6 64622
0 10 64709
0 7 64787
6 4 64857
4 2 64996
3 1 65109
4 1 65119
0 6 65369
4 3 65388
0 5 65444
4 2 65481
4 3 65485
6 5 65635
3 1 65683
0 1 65739
0 9 65745
0 5 65792
7 6 65831
0 7 65941
4 2 65960
9 1 66037
0 9 66244
0 5 66250
10 8 66349
0 8 66356
0 5 66589
0 7 66604
10 3 66705
7 2 66753
0 8 66754
0 6 66784
5 2 66824
9 4 66845
7 3 66856
0 3 67060
9 6 67106
0 7 67163
0 3 67409
0 8 67462
5 3 67602
6 3 67636
4 2 67657
0 10 67746
0 5 67905
3 2 67932
10 2 68138
4 2 68160
0 8 68600
4 1 68750
0 5 68904
5 1 69033
0 4 69038
2 1 69056
3 1 69057
4 2 69119
4 3 69321
5 2 69337
0 6 69356
0 10 69370
10 7 69505
5 4 69591
0 1 69746
0 1 69791
0 4 69914
0 7 69938
0 10 69958
0 6 70052
0 1 70323
3 2 70378
6 2 70400
3 1 70501
0 6 70520
6 5 70522
10 3 70553
0 3 70662
6 3 70822
0 9 70866
3 2 70871
3 2 70873
4 2 70922
2 1 70938
0 10 70965
0 1 71321
0 4 71366
0 3 71423
6 5 71426
8 7 71533
3 1 71569
0 6 71676
0 8 71690
0 9 71782
2 1 71872
6 3 71893
0 7 71922
8 7 71980
0 8 72044
0 10 72085
0 7 72101
0 4 72115
8 1 72196
0 8 72300
0 5 72341
5 2 72408
0 4 72460
0 2 72471
8 3 72479
6 5 72536
4 1 72619
4 1 72655
0 8 72799
3 2 72819
0 4 72886
0 5 72990
3 2 73197
5 3 73342
0 2 73353
5 2 73412
0 10 73549
9 4 73602
0 10 73645
0 8 73994
0 7 74016
6 1 74095
0 3 74140
5 1 74281
8 5 74293
0 10 74294
0 9 74313
2 1 74559
3 1 74566
0 3 74599
10 4 74630
0 4 74637
0 5 74643
0 8 74736
0 6 74823
7 4 75011
3 2 75416
0 7 75439
4 2 75502
0 2 75587
3 2 75630
0 9 75669
0 9 75673
0 1 75677
0 1 75864
0 5 76032
0 7 76057
4 1 76095
0 1 76213
0 6 76228
4 2 76313
9 5 76549
7 1 76835
5 3 77023
0 6 77046
0 2 77071
7 2 77231
9 4 77258
0 2 77426
4 1 77550
0 1 77645
0 8 77781
7 6 77810
7 5 77866
10 2 77917
0 4 78026
0 1 78034
9 6 78092
0 4 78094
2 1 78199
0 8 78578
0 5 78686
0 6 78707
2 1 78710
0 10 78776
0 3 78795
0 9 78845
3 2 78866
0 5 78889
6 3 79078
0 4 79201
3 1 79396
0 4 79414
5 2 79472
7 4 79477
5 2 79498
9 3 79610
3 1 79612
7 3 79638
9 1 79884
8 2 80062
0 7 80130
8 3 80361
3 2 80601
0 7 80818
7 3 80840
0 7 81012
7 3 81065
0 7 81178
3 1 81238
10 8 81272
0 10 81284
0 6 81371
6 4 81510
0 8 81657
10 1 82140
0 9 82376
0 5 82446
7 4 82471
0 6 82572
0 2 82654
7 1 83002
5 2 83046
3 2 83116
7 2 83151
10 6 83210
5 4 83369
8 1 83408
2 1 83692
10 2 83773
7 5 83792
10 3 83818
4 3 83832
2 1 83833
7 3 83917
10 3 83941
2 1 84029
10 7 84445
10 2 84557
6 5 84593
10 8 84599
8 7 84628
5 2 84830
10 2 84901
3 2 85166
5 3 85218
3 1 85294
3 1 85352
3 1 85418
4 1 85441
6 2 85653
8 6 85774
5 1 85792
7 3 85875
7 6 85977
7 5 86116
8 6 86314
3 2 86363
0 1 86399